82
cylinder.mesh	5000.0	0 -80.0 10.0 -80.0	0.717 0.717 0.0 0.0 
cylinder.mesh	5000.0	0 -80.0 10.0 -30.0	0.717 0.717 0.0 0.0
cylinder.mesh	5000.0	0 -80.0 10.0 30.0	0.717 0.717 0.0 0.0
cylinder.mesh	5000.0	0 -80.0 10.0 80.0	0.717 0.717 0.0 0.0
cylinder.mesh	5000.0	0 -30.0 10.0 -80.0	0.717 0.717 0.0 0.0
cylinder.mesh	5000.0	0 -30.0 10.0 -30.0	0.717 0.717 0.0 0.0
cylinder.mesh	5000.0	0 -30.0 10.0 30.0	0.717 0.717 0.0 0.0
cylinder.mesh	5000.0	0 -30.0 10.0 80.0	0.717 0.717 0.0 0.0
cylinder.mesh	5000.0	0 30.0 10.0 -80.0	0.717 0.717 0.0 0.0
cylinder.mesh	5000.0	0 30.0 10.0 -30.0	0.717 0.717 0.0 0.0
cylinder.mesh	5000.0	0 30.0 10.0 30.0		0.717 0.717 0.0 0.0
cylinder.mesh	5000.0	0 30.0 10.0 80.0		0.717 0.717 0.0 0.0
cylinder.mesh	5000.0	0 80.0 10.0 -80.0	0.717 0.717 0.0 0.0
cylinder.mesh	5000.0	0 80.0 10.0 -30.0	0.717 0.717 0.0 0.0
cylinder.mesh	5000.0	0 80.0 10.0 30.0		0.717 0.717 0.0 0.0
cylinder.mesh	5000.0	0 80.0 10.0 80.0		0.717 0.717 0.0 0.0
box_tri.mesh	250.0	0   -80.0 50.0 -70.0 	0.1 1.0 1.0 1.0
box_tri.mesh	250.0	0  -40.0 50.0 -70.0 	0.1 1.0 1.0 1.0
box_tri.mesh	250.0	0  0.0 50.0  -70.0 	0.1 1.0 1.0 1.0
box_tri.mesh	250.0	0  40.0 50.0 -70.0 	0.1 1.0 1.0 1.0
box_tri.mesh	250.0	0  80.0 50.0 -70.0 	0.1 1.0 1.0 1.0
box_tri.mesh	250.0	0  -80.0 50.0 -35.0 	0.1 1.0 1.0 1.0
box_tri.mesh	250.0	0  -40.0 50.0 -35.0 	0.1 1.0 1.0 1.0
box_tri.mesh	250.0	0  0.0 50.0  -35.0 	0.1 1.0 1.0 1.0
box_tri.mesh	250.0	0  40.0 50.0 -35.0 	0.1 1.0 1.0 1.0
box_tri.mesh	250.0	0  80.0 50.0 -35.0 	0.1 1.0 1.0 1.0
box_tri.mesh	250.0	0  -80.0 50.0 0.0 	0.1 1.0 1.0 1.0
box_tri.mesh	250.0	0  -40.0 50.0 0.0 	0.1 1.0 1.0 1.0
box_tri.mesh	250.0	0  0.0 50.0  0.0 	0.1 1.0 1.0 1.0
box_tri.mesh	250.0	0  40.0 50.0 0.0 	0.1 1.0 1.0 1.0
box_tri.mesh	250.0	0  80.0 50.0 0.0 	0.1 1.0 1.0 1.0
box_tri.mesh	250.0	0  -80.0 50.0 35.0 	0.1 1.0 1.0 1.0
box_tri.mesh	250.0	0  -40.0 50.0 35.0 	0.1 1.0 1.0 1.0
box_tri.mesh	250.0	0  0.0 50.0  35.0 	0.1 1.0 1.0 1.0
box_tri.mesh	250.0	0  40.0 50.0 35.0 	0.1 1.0 1.0 1.0
box_tri.mesh	250.0	0  80.0 50.0 35.0 	0.1 1.0 1.0 1.0
box_tri.mesh	250.0	0  -80.0 50.0 70.0 	0.1 1.0 1.0 1.0
box_tri.mesh	250.0	0  -40.0 50.0 70.0 	0.1 1.0 1.0 1.0
box_tri.mesh	250.0	0  0.0 50.0  70.0 	0.1 1.0 1.0 1.0
box_tri.mesh	250.0	0  40.0 50.0 70.0 	0.1 1.0 1.0 1.0
box_tri.mesh	250.0	0  80.0 50.0 70.0 	0.1 1.0 1.0 1.0
cylinder.mesh	5000.0	0 -180.0 10.0 -80.0	0.717 0.717 0.0 0.0 
cylinder.mesh	5000.0	0 -180.0 10.0 -30.0	0.717 0.717 0.0 0.0
cylinder.mesh	5000.0	0 -180.0 10.0 30.0	0.717 0.717 0.0 0.0
cylinder.mesh	5000.0	0 -180.0 10.0 80.0	0.717 0.717 0.0 0.0
cylinder.mesh	5000.0	0 -130.0 10.0 -80.0	0.717 0.717 0.0 0.0
cylinder.mesh	5000.0	0 -130.0 10.0 -30.0	0.717 0.717 0.0 0.0
cylinder.mesh	5000.0	0 -130.0 10.0 30.0	0.717 0.717 0.0 0.0
cylinder.mesh	5000.0	0 -130.0 10.0 80.0	0.717 0.717 0.0 0.0
cylinder.mesh	5000.0	0 130.0 10.0 -80.0	0.717 0.717 0.0 0.0
cylinder.mesh	5000.0	0 130.0 10.0 -30.0	0.717 0.717 0.0 0.0
cylinder.mesh	5000.0	0 130.0 10.0 30.0		0.717 0.717 0.0 0.0
cylinder.mesh	5000.0	0 130.0 10.0 80.0		0.717 0.717 0.0 0.0
cylinder.mesh	5000.0	0 180.0 10.0 -80.0	0.717 0.717 0.0 0.0
cylinder.mesh	5000.0	0 180.0 10.0 -30.0	0.717 0.717 0.0 0.0
cylinder.mesh	5000.0	0 180.0 10.0 30.0		0.717 0.717 0.0 0.0
cylinder.mesh	5000.0	0 180.0 10.0 80.0		0.717 0.717 0.0 0.0
box_tri.mesh	250.0	0   -180.0 50.0 -70.0 	0.1 1.0 1.0 1.0
box_tri.mesh	250.0	0  -140.0 50.0 -70.0 	0.1 1.0 1.0 1.0
box_tri.mesh	250.0	0  110.0 50.0  -70.0 	0.1 1.0 1.0 1.0
box_tri.mesh	250.0	0  140.0 50.0 -70.0 	0.1 1.0 1.0 1.0
box_tri.mesh	250.0	0  180.0 50.0 -70.0 	0.1 1.0 1.0 1.0
box_tri.mesh	250.0	0  -180.0 50.0 -35.0 	0.1 1.0 1.0 1.0
box_tri.mesh	250.0	0  -140.0 50.0 -35.0 	0.1 1.0 1.0 1.0
box_tri.mesh	250.0	0  110.0 50.0  -35.0 	0.1 1.0 1.0 1.0
box_tri.mesh	250.0	0  140.0 50.0 -35.0 	0.1 1.0 1.0 1.0
box_tri.mesh	250.0	0  180.0 50.0 -35.0 	0.1 1.0 1.0 1.0
box_tri.mesh	250.0	0  -180.0 50.0 0.0 	0.1 1.0 1.0 1.0
box_tri.mesh	250.0	0  -140.0 50.0 0.0 	0.1 1.0 1.0 1.0
box_tri.mesh	250.0	0  110.0 50.0  0.0 	0.1 1.0 1.0 1.0
box_tri.mesh	250.0	0  140.0 50.0 0.0 	0.1 1.0 1.0 1.0
box_tri.mesh	250.0	0  180.0 50.0 0.0 	0.1 1.0 1.0 1.0
box_tri.mesh	250.0	0  -180.0 50.0 35.0 	0.1 1.0 1.0 1.0
box_tri.mesh	250.0	0  -140.0 50.0 35.0 	0.1 1.0 1.0 1.0
box_tri.mesh	250.0	0  110.0 50.0  35.0 	0.1 1.0 1.0 1.0
box_tri.mesh	250.0	0  140.0 50.0 35.0 	0.1 1.0 1.0 1.0
box_tri.mesh	250.0	0  180.0 50.0 35.0 	0.1 1.0 1.0 1.0
box_tri.mesh	250.0	0  -180.0 50.0 70.0 	0.1 1.0 1.0 1.0
box_tri.mesh	250.0	0  -140.0 50.0 70.0 	0.1 1.0 1.0 1.0
box_tri.mesh	250.0	0  110.0 50.0  70.0 	0.1 1.0 1.0 1.0
box_tri.mesh	250.0	0  140.0 50.0 70.0 	0.1 1.0 1.0 1.0
box_tri.mesh	250.0	0  180.0 50.0 70.0 	0.1 1.0 1.0 1.0


