COM: 0 0 0
orientation: 0.057639  0.57639  0.57639  0.57639
COM:  0  0 30
orientation: 0.057639  0.57639  0.57639  0.57639
COM:  0  0 60
orientation: 0.057639  0.57639  0.57639  0.57639
COM:  0  0 90
orientation: 0.057639  0.57639  0.57639  0.57639
COM:   0   0 120
orientation: 0.057639  0.57639  0.57639  0.57639
COM:   0   0 150
orientation: 0.057639  0.57639  0.57639  0.57639
COM:   0   0 180
orientation: 0.057639  0.57639  0.57639  0.57639
COM:   0   0 210
orientation: 0.057639  0.57639  0.57639  0.57639
COM:   0   0 240
orientation: 0.057639  0.57639  0.57639  0.57639
COM:   0   0 270
orientation: 0.057639  0.57639  0.57639  0.57639
COM:  0 30  0
orientation: 0.057639  0.57639  0.57639  0.57639
COM:  0 30 30
orientation: 0.057639  0.57639  0.57639  0.57639
COM:  0 30 60
orientation: 0.057639  0.57639  0.57639  0.57639
COM:  0 30 90
orientation: 0.057639  0.57639  0.57639  0.57639
COM:   0  30 120
orientation: 0.057639  0.57639  0.57639  0.57639
COM:   0  30 150
orientation: 0.057639  0.57639  0.57639  0.57639
COM:   0  30 180
orientation: 0.057639  0.57639  0.57639  0.57639
COM:   0  30 210
orientation: 0.057639  0.57639  0.57639  0.57639
COM:   0  30 240
orientation: 0.057639  0.57639  0.57639  0.57639
COM:   0  30 270
orientation: 0.057639  0.57639  0.57639  0.57639
COM:  0 60  0
orientation: 0.057639  0.57639  0.57639  0.57639
COM:  0 60 30
orientation: 0.057639  0.57639  0.57639  0.57639
COM:  0 60 60
orientation: 0.057639  0.57639  0.57639  0.57639
COM:  0 60 90
orientation: 0.057639  0.57639  0.57639  0.57639
COM:   0  60 120
orientation: 0.057639  0.57639  0.57639  0.57639
COM:   0  60 150
orientation: 0.057639  0.57639  0.57639  0.57639
COM:   0  60 180
orientation: 0.057639  0.57639  0.57639  0.57639
COM:   0  60 210
orientation: 0.057639  0.57639  0.57639  0.57639
COM:   0  60 240
orientation: 0.057639  0.57639  0.57639  0.57639
COM:   0  60 270
orientation: 0.057639  0.57639  0.57639  0.57639
COM:  0 90  0
orientation: 0.057639  0.57639  0.57639  0.57639
COM:  0 90 30
orientation: 0.057639  0.57639  0.57639  0.57639
COM:  0 90 60
orientation: 0.057639  0.57639  0.57639  0.57639
COM:  0 90 90
orientation: 0.057639  0.57639  0.57639  0.57639
COM:   0  90 120
orientation: 0.057639  0.57639  0.57639  0.57639
COM:   0  90 150
orientation: 0.057639  0.57639  0.57639  0.57639
COM:   0  90 180
orientation: 0.057639  0.57639  0.57639  0.57639
COM:   0  90 210
orientation: 0.057639  0.57639  0.57639  0.57639
COM:   0  90 240
orientation: 0.057639  0.57639  0.57639  0.57639
COM:   0  90 270
orientation: 0.057639  0.57639  0.57639  0.57639
COM:   0 120   0
orientation: 0.057639  0.57639  0.57639  0.57639
COM:   0 120  30
orientation: 0.057639  0.57639  0.57639  0.57639
COM:   0 120  60
orientation: 0.057639  0.57639  0.57639  0.57639
COM:   0 120  90
orientation: 0.057639  0.57639  0.57639  0.57639
COM:   0 120 120
orientation: 0.057639  0.57639  0.57639  0.57639
COM:   0 120 150
orientation: 0.057639  0.57639  0.57639  0.57639
COM:   0 120 180
orientation: 0.057639  0.57639  0.57639  0.57639
COM:   0 120 210
orientation: 0.057639  0.57639  0.57639  0.57639
COM:   0 120 240
orientation: 0.057639  0.57639  0.57639  0.57639
COM:   0 120 270
orientation: 0.057639  0.57639  0.57639  0.57639
COM:   0 150   0
orientation: 0.057639  0.57639  0.57639  0.57639
COM:   0 150  30
orientation: 0.057639  0.57639  0.57639  0.57639
COM:   0 150  60
orientation: 0.057639  0.57639  0.57639  0.57639
COM:   0 150  90
orientation: 0.057639  0.57639  0.57639  0.57639
COM:   0 150 120
orientation: 0.057639  0.57639  0.57639  0.57639
COM:   0 150 150
orientation: 0.057639  0.57639  0.57639  0.57639
COM:   0 150 180
orientation: 0.057639  0.57639  0.57639  0.57639
COM:   0 150 210
orientation: 0.057639  0.57639  0.57639  0.57639
COM:   0 150 240
orientation: 0.057639  0.57639  0.57639  0.57639
COM:   0 150 270
orientation: 0.057639  0.57639  0.57639  0.57639
COM:   0 180   0
orientation: 0.057639  0.57639  0.57639  0.57639
COM:   0 180  30
orientation: 0.057639  0.57639  0.57639  0.57639
COM:   0 180  60
orientation: 0.057639  0.57639  0.57639  0.57639
COM:   0 180  90
orientation: 0.057639  0.57639  0.57639  0.57639
COM:   0 180 120
orientation: 0.057639  0.57639  0.57639  0.57639
COM:   0 180 150
orientation: 0.057639  0.57639  0.57639  0.57639
COM:   0 180 180
orientation: 0.057639  0.57639  0.57639  0.57639
COM:   0 180 210
orientation: 0.057639  0.57639  0.57639  0.57639
COM:   0 180 240
orientation: 0.057639  0.57639  0.57639  0.57639
COM:   0 180 270
orientation: 0.057639  0.57639  0.57639  0.57639
COM:   0 210   0
orientation: 0.057639  0.57639  0.57639  0.57639
COM:   0 210  30
orientation: 0.057639  0.57639  0.57639  0.57639
COM:   0 210  60
orientation: 0.057639  0.57639  0.57639  0.57639
COM:   0 210  90
orientation: 0.057639  0.57639  0.57639  0.57639
COM:   0 210 120
orientation: 0.057639  0.57639  0.57639  0.57639
COM:   0 210 150
orientation: 0.057639  0.57639  0.57639  0.57639
COM:   0 210 180
orientation: 0.057639  0.57639  0.57639  0.57639
COM:   0 210 210
orientation: 0.057639  0.57639  0.57639  0.57639
COM:   0 210 240
orientation: 0.057639  0.57639  0.57639  0.57639
COM:   0 210 270
orientation: 0.057639  0.57639  0.57639  0.57639
COM:   0 240   0
orientation: 0.057639  0.57639  0.57639  0.57639
COM:   0 240  30
orientation: 0.057639  0.57639  0.57639  0.57639
COM:   0 240  60
orientation: 0.057639  0.57639  0.57639  0.57639
COM:   0 240  90
orientation: 0.057639  0.57639  0.57639  0.57639
COM:   0 240 120
orientation: 0.057639  0.57639  0.57639  0.57639
COM:   0 240 150
orientation: 0.057639  0.57639  0.57639  0.57639
COM:   0 240 180
orientation: 0.057639  0.57639  0.57639  0.57639
COM:   0 240 210
orientation: 0.057639  0.57639  0.57639  0.57639
COM:   0 240 240
orientation: 0.057639  0.57639  0.57639  0.57639
COM:   0 240 270
orientation: 0.057639  0.57639  0.57639  0.57639
COM:   0 270   0
orientation: 0.057639  0.57639  0.57639  0.57639
COM:   0 270  30
orientation: 0.057639  0.57639  0.57639  0.57639
COM:   0 270  60
orientation: 0.057639  0.57639  0.57639  0.57639
COM:   0 270  90
orientation: 0.057639  0.57639  0.57639  0.57639
COM:   0 270 120
orientation: 0.057639  0.57639  0.57639  0.57639
COM:   0 270 150
orientation: 0.057639  0.57639  0.57639  0.57639
COM:   0 270 180
orientation: 0.057639  0.57639  0.57639  0.57639
COM:   0 270 210
orientation: 0.057639  0.57639  0.57639  0.57639
COM:   0 270 240
orientation: 0.057639  0.57639  0.57639  0.57639
COM:   0 270 270
orientation: 0.057639  0.57639  0.57639  0.57639
COM: 30  0  0
orientation: 0.057639  0.57639  0.57639  0.57639
COM: 30  0 30
orientation: 0.057639  0.57639  0.57639  0.57639
COM: 30  0 60
orientation: 0.057639  0.57639  0.57639  0.57639
COM: 30  0 90
orientation: 0.057639  0.57639  0.57639  0.57639
COM:  30   0 120
orientation: 0.057639  0.57639  0.57639  0.57639
COM:  30   0 150
orientation: 0.057639  0.57639  0.57639  0.57639
COM:  30   0 180
orientation: 0.057639  0.57639  0.57639  0.57639
COM:  30   0 210
orientation: 0.057639  0.57639  0.57639  0.57639
COM:  30   0 240
orientation: 0.057639  0.57639  0.57639  0.57639
COM:  30   0 270
orientation: 0.057639  0.57639  0.57639  0.57639
COM: 30 30  0
orientation: 0.057639  0.57639  0.57639  0.57639
COM: 30 30 30
orientation: 0.057639  0.57639  0.57639  0.57639
COM: 30 30 60
orientation: 0.057639  0.57639  0.57639  0.57639
COM: 30 30 90
orientation: 0.057639  0.57639  0.57639  0.57639
COM:  30  30 120
orientation: 0.057639  0.57639  0.57639  0.57639
COM:  30  30 150
orientation: 0.057639  0.57639  0.57639  0.57639
COM:  30  30 180
orientation: 0.057639  0.57639  0.57639  0.57639
COM:  30  30 210
orientation: 0.057639  0.57639  0.57639  0.57639
COM:  30  30 240
orientation: 0.057639  0.57639  0.57639  0.57639
COM:  30  30 270
orientation: 0.057639  0.57639  0.57639  0.57639
COM: 30 60  0
orientation: 0.057639  0.57639  0.57639  0.57639
COM: 30 60 30
orientation: 0.057639  0.57639  0.57639  0.57639
COM: 30 60 60
orientation: 0.057639  0.57639  0.57639  0.57639
COM: 30 60 90
orientation: 0.057639  0.57639  0.57639  0.57639
COM:  30  60 120
orientation: 0.057639  0.57639  0.57639  0.57639
COM:  30  60 150
orientation: 0.057639  0.57639  0.57639  0.57639
COM:  30  60 180
orientation: 0.057639  0.57639  0.57639  0.57639
COM:  30  60 210
orientation: 0.057639  0.57639  0.57639  0.57639
COM:  30  60 240
orientation: 0.057639  0.57639  0.57639  0.57639
COM:  30  60 270
orientation: 0.057639  0.57639  0.57639  0.57639
COM: 30 90  0
orientation: 0.057639  0.57639  0.57639  0.57639
COM: 30 90 30
orientation: 0.057639  0.57639  0.57639  0.57639
COM: 30 90 60
orientation: 0.057639  0.57639  0.57639  0.57639
COM: 30 90 90
orientation: 0.057639  0.57639  0.57639  0.57639
COM:  30  90 120
orientation: 0.057639  0.57639  0.57639  0.57639
COM:  30  90 150
orientation: 0.057639  0.57639  0.57639  0.57639
COM:  30  90 180
orientation: 0.057639  0.57639  0.57639  0.57639
COM:  30  90 210
orientation: 0.057639  0.57639  0.57639  0.57639
COM:  30  90 240
orientation: 0.057639  0.57639  0.57639  0.57639
COM:  30  90 270
orientation: 0.057639  0.57639  0.57639  0.57639
COM:  30 120   0
orientation: 0.057639  0.57639  0.57639  0.57639
COM:  30 120  30
orientation: 0.057639  0.57639  0.57639  0.57639
COM:  30 120  60
orientation: 0.057639  0.57639  0.57639  0.57639
COM:  30 120  90
orientation: 0.057639  0.57639  0.57639  0.57639
COM:  30 120 120
orientation: 0.057639  0.57639  0.57639  0.57639
COM:  30 120 150
orientation: 0.057639  0.57639  0.57639  0.57639
COM:  30 120 180
orientation: 0.057639  0.57639  0.57639  0.57639
COM:  30 120 210
orientation: 0.057639  0.57639  0.57639  0.57639
COM:  30 120 240
orientation: 0.057639  0.57639  0.57639  0.57639
COM:  30 120 270
orientation: 0.057639  0.57639  0.57639  0.57639
COM:  30 150   0
orientation: 0.057639  0.57639  0.57639  0.57639
COM:  30 150  30
orientation: 0.057639  0.57639  0.57639  0.57639
COM:  30 150  60
orientation: 0.057639  0.57639  0.57639  0.57639
COM:  30 150  90
orientation: 0.057639  0.57639  0.57639  0.57639
COM:  30 150 120
orientation: 0.057639  0.57639  0.57639  0.57639
COM:  30 150 150
orientation: 0.057639  0.57639  0.57639  0.57639
COM:  30 150 180
orientation: 0.057639  0.57639  0.57639  0.57639
COM:  30 150 210
orientation: 0.057639  0.57639  0.57639  0.57639
COM:  30 150 240
orientation: 0.057639  0.57639  0.57639  0.57639
COM:  30 150 270
orientation: 0.057639  0.57639  0.57639  0.57639
COM:  30 180   0
orientation: 0.057639  0.57639  0.57639  0.57639
COM:  30 180  30
orientation: 0.057639  0.57639  0.57639  0.57639
COM:  30 180  60
orientation: 0.057639  0.57639  0.57639  0.57639
COM:  30 180  90
orientation: 0.057639  0.57639  0.57639  0.57639
COM:  30 180 120
orientation: 0.057639  0.57639  0.57639  0.57639
COM:  30 180 150
orientation: 0.057639  0.57639  0.57639  0.57639
COM:  30 180 180
orientation: 0.057639  0.57639  0.57639  0.57639
COM:  30 180 210
orientation: 0.057639  0.57639  0.57639  0.57639
COM:  30 180 240
orientation: 0.057639  0.57639  0.57639  0.57639
COM:  30 180 270
orientation: 0.057639  0.57639  0.57639  0.57639
COM:  30 210   0
orientation: 0.057639  0.57639  0.57639  0.57639
COM:  30 210  30
orientation: 0.057639  0.57639  0.57639  0.57639
COM:  30 210  60
orientation: 0.057639  0.57639  0.57639  0.57639
COM:  30 210  90
orientation: 0.057639  0.57639  0.57639  0.57639
COM:  30 210 120
orientation: 0.057639  0.57639  0.57639  0.57639
COM:  30 210 150
orientation: 0.057639  0.57639  0.57639  0.57639
COM:  30 210 180
orientation: 0.057639  0.57639  0.57639  0.57639
COM:  30 210 210
orientation: 0.057639  0.57639  0.57639  0.57639
COM:  30 210 240
orientation: 0.057639  0.57639  0.57639  0.57639
COM:  30 210 270
orientation: 0.057639  0.57639  0.57639  0.57639
COM:  30 240   0
orientation: 0.057639  0.57639  0.57639  0.57639
COM:  30 240  30
orientation: 0.057639  0.57639  0.57639  0.57639
COM:  30 240  60
orientation: 0.057639  0.57639  0.57639  0.57639
COM:  30 240  90
orientation: 0.057639  0.57639  0.57639  0.57639
COM:  30 240 120
orientation: 0.057639  0.57639  0.57639  0.57639
COM:  30 240 150
orientation: 0.057639  0.57639  0.57639  0.57639
COM:  30 240 180
orientation: 0.057639  0.57639  0.57639  0.57639
COM:  30 240 210
orientation: 0.057639  0.57639  0.57639  0.57639
COM:  30 240 240
orientation: 0.057639  0.57639  0.57639  0.57639
COM:  30 240 270
orientation: 0.057639  0.57639  0.57639  0.57639
COM:  30 270   0
orientation: 0.057639  0.57639  0.57639  0.57639
COM:  30 270  30
orientation: 0.057639  0.57639  0.57639  0.57639
COM:  30 270  60
orientation: 0.057639  0.57639  0.57639  0.57639
COM:  30 270  90
orientation: 0.057639  0.57639  0.57639  0.57639
COM:  30 270 120
orientation: 0.057639  0.57639  0.57639  0.57639
COM:  30 270 150
orientation: 0.057639  0.57639  0.57639  0.57639
COM:  30 270 180
orientation: 0.057639  0.57639  0.57639  0.57639
COM:  30 270 210
orientation: 0.057639  0.57639  0.57639  0.57639
COM:  30 270 240
orientation: 0.057639  0.57639  0.57639  0.57639
COM:  30 270 270
orientation: 0.057639  0.57639  0.57639  0.57639
COM: 60  0  0
orientation: 0.057639  0.57639  0.57639  0.57639
COM: 60  0 30
orientation: 0.057639  0.57639  0.57639  0.57639
COM: 60  0 60
orientation: 0.057639  0.57639  0.57639  0.57639
COM: 60  0 90
orientation: 0.057639  0.57639  0.57639  0.57639
COM:  60   0 120
orientation: 0.057639  0.57639  0.57639  0.57639
COM:  60   0 150
orientation: 0.057639  0.57639  0.57639  0.57639
COM:  60   0 180
orientation: 0.057639  0.57639  0.57639  0.57639
COM:  60   0 210
orientation: 0.057639  0.57639  0.57639  0.57639
COM:  60   0 240
orientation: 0.057639  0.57639  0.57639  0.57639
COM:  60   0 270
orientation: 0.057639  0.57639  0.57639  0.57639
COM: 60 30  0
orientation: 0.057639  0.57639  0.57639  0.57639
COM: 60 30 30
orientation: 0.057639  0.57639  0.57639  0.57639
COM: 60 30 60
orientation: 0.057639  0.57639  0.57639  0.57639
COM: 60 30 90
orientation: 0.057639  0.57639  0.57639  0.57639
COM:  60  30 120
orientation: 0.057639  0.57639  0.57639  0.57639
COM:  60  30 150
orientation: 0.057639  0.57639  0.57639  0.57639
COM:  60  30 180
orientation: 0.057639  0.57639  0.57639  0.57639
COM:  60  30 210
orientation: 0.057639  0.57639  0.57639  0.57639
COM:  60  30 240
orientation: 0.057639  0.57639  0.57639  0.57639
COM:  60  30 270
orientation: 0.057639  0.57639  0.57639  0.57639
COM: 60 60  0
orientation: 0.057639  0.57639  0.57639  0.57639
COM: 60 60 30
orientation: 0.057639  0.57639  0.57639  0.57639
COM: 60 60 60
orientation: 0.057639  0.57639  0.57639  0.57639
COM: 60 60 90
orientation: 0.057639  0.57639  0.57639  0.57639
COM:  60  60 120
orientation: 0.057639  0.57639  0.57639  0.57639
COM:  60  60 150
orientation: 0.057639  0.57639  0.57639  0.57639
COM:  60  60 180
orientation: 0.057639  0.57639  0.57639  0.57639
COM:  60  60 210
orientation: 0.057639  0.57639  0.57639  0.57639
COM:  60  60 240
orientation: 0.057639  0.57639  0.57639  0.57639
COM:  60  60 270
orientation: 0.057639  0.57639  0.57639  0.57639
COM: 60 90  0
orientation: 0.057639  0.57639  0.57639  0.57639
COM: 60 90 30
orientation: 0.057639  0.57639  0.57639  0.57639
COM: 60 90 60
orientation: 0.057639  0.57639  0.57639  0.57639
COM: 60 90 90
orientation: 0.057639  0.57639  0.57639  0.57639
COM:  60  90 120
orientation: 0.057639  0.57639  0.57639  0.57639
COM:  60  90 150
orientation: 0.057639  0.57639  0.57639  0.57639
COM:  60  90 180
orientation: 0.057639  0.57639  0.57639  0.57639
COM:  60  90 210
orientation: 0.057639  0.57639  0.57639  0.57639
COM:  60  90 240
orientation: 0.057639  0.57639  0.57639  0.57639
COM:  60  90 270
orientation: 0.057639  0.57639  0.57639  0.57639
COM:  60 120   0
orientation: 0.057639  0.57639  0.57639  0.57639
COM:  60 120  30
orientation: 0.057639  0.57639  0.57639  0.57639
COM:  60 120  60
orientation: 0.057639  0.57639  0.57639  0.57639
COM:  60 120  90
orientation: 0.057639  0.57639  0.57639  0.57639
COM:  60 120 120
orientation: 0.057639  0.57639  0.57639  0.57639
COM:  60 120 150
orientation: 0.057639  0.57639  0.57639  0.57639
COM:  60 120 180
orientation: 0.057639  0.57639  0.57639  0.57639
COM:  60 120 210
orientation: 0.057639  0.57639  0.57639  0.57639
COM:  60 120 240
orientation: 0.057639  0.57639  0.57639  0.57639
COM:  60 120 270
orientation: 0.057639  0.57639  0.57639  0.57639
COM:  60 150   0
orientation: 0.057639  0.57639  0.57639  0.57639
COM:  60 150  30
orientation: 0.057639  0.57639  0.57639  0.57639
COM:  60 150  60
orientation: 0.057639  0.57639  0.57639  0.57639
COM:  60 150  90
orientation: 0.057639  0.57639  0.57639  0.57639
COM:  60 150 120
orientation: 0.057639  0.57639  0.57639  0.57639
COM:  60 150 150
orientation: 0.057639  0.57639  0.57639  0.57639
COM:  60 150 180
orientation: 0.057639  0.57639  0.57639  0.57639
COM:  60 150 210
orientation: 0.057639  0.57639  0.57639  0.57639
COM:  60 150 240
orientation: 0.057639  0.57639  0.57639  0.57639
COM:  60 150 270
orientation: 0.057639  0.57639  0.57639  0.57639
COM:  60 180   0
orientation: 0.057639  0.57639  0.57639  0.57639
COM:  60 180  30
orientation: 0.057639  0.57639  0.57639  0.57639
COM:  60 180  60
orientation: 0.057639  0.57639  0.57639  0.57639
COM:  60 180  90
orientation: 0.057639  0.57639  0.57639  0.57639
COM:  60 180 120
orientation: 0.057639  0.57639  0.57639  0.57639
COM:  60 180 150
orientation: 0.057639  0.57639  0.57639  0.57639
COM:  60 180 180
orientation: 0.057639  0.57639  0.57639  0.57639
COM:  60 180 210
orientation: 0.057639  0.57639  0.57639  0.57639
COM:  60 180 240
orientation: 0.057639  0.57639  0.57639  0.57639
COM:  60 180 270
orientation: 0.057639  0.57639  0.57639  0.57639
COM:  60 210   0
orientation: 0.057639  0.57639  0.57639  0.57639
COM:  60 210  30
orientation: 0.057639  0.57639  0.57639  0.57639
COM:  60 210  60
orientation: 0.057639  0.57639  0.57639  0.57639
COM:  60 210  90
orientation: 0.057639  0.57639  0.57639  0.57639
COM:  60 210 120
orientation: 0.057639  0.57639  0.57639  0.57639
COM:  60 210 150
orientation: 0.057639  0.57639  0.57639  0.57639
COM:  60 210 180
orientation: 0.057639  0.57639  0.57639  0.57639
COM:  60 210 210
orientation: 0.057639  0.57639  0.57639  0.57639
COM:  60 210 240
orientation: 0.057639  0.57639  0.57639  0.57639
COM:  60 210 270
orientation: 0.057639  0.57639  0.57639  0.57639
COM:  60 240   0
orientation: 0.057639  0.57639  0.57639  0.57639
COM:  60 240  30
orientation: 0.057639  0.57639  0.57639  0.57639
COM:  60 240  60
orientation: 0.057639  0.57639  0.57639  0.57639
COM:  60 240  90
orientation: 0.057639  0.57639  0.57639  0.57639
COM:  60 240 120
orientation: 0.057639  0.57639  0.57639  0.57639
COM:  60 240 150
orientation: 0.057639  0.57639  0.57639  0.57639
COM:  60 240 180
orientation: 0.057639  0.57639  0.57639  0.57639
COM:  60 240 210
orientation: 0.057639  0.57639  0.57639  0.57639
COM:  60 240 240
orientation: 0.057639  0.57639  0.57639  0.57639
COM:  60 240 270
orientation: 0.057639  0.57639  0.57639  0.57639
COM:  60 270   0
orientation: 0.057639  0.57639  0.57639  0.57639
COM:  60 270  30
orientation: 0.057639  0.57639  0.57639  0.57639
COM:  60 270  60
orientation: 0.057639  0.57639  0.57639  0.57639
COM:  60 270  90
orientation: 0.057639  0.57639  0.57639  0.57639
COM:  60 270 120
orientation: 0.057639  0.57639  0.57639  0.57639
COM:  60 270 150
orientation: 0.057639  0.57639  0.57639  0.57639
COM:  60 270 180
orientation: 0.057639  0.57639  0.57639  0.57639
COM:  60 270 210
orientation: 0.057639  0.57639  0.57639  0.57639
COM:  60 270 240
orientation: 0.057639  0.57639  0.57639  0.57639
COM:  60 270 270
orientation: 0.057639  0.57639  0.57639  0.57639
COM: 90  0  0
orientation: 0.057639  0.57639  0.57639  0.57639
COM: 90  0 30
orientation: 0.057639  0.57639  0.57639  0.57639
COM: 90  0 60
orientation: 0.057639  0.57639  0.57639  0.57639
COM: 90  0 90
orientation: 0.057639  0.57639  0.57639  0.57639
COM:  90   0 120
orientation: 0.057639  0.57639  0.57639  0.57639
COM:  90   0 150
orientation: 0.057639  0.57639  0.57639  0.57639
COM:  90   0 180
orientation: 0.057639  0.57639  0.57639  0.57639
COM:  90   0 210
orientation: 0.057639  0.57639  0.57639  0.57639
COM:  90   0 240
orientation: 0.057639  0.57639  0.57639  0.57639
COM:  90   0 270
orientation: 0.057639  0.57639  0.57639  0.57639
COM: 90 30  0
orientation: 0.057639  0.57639  0.57639  0.57639
COM: 90 30 30
orientation: 0.057639  0.57639  0.57639  0.57639
COM: 90 30 60
orientation: 0.057639  0.57639  0.57639  0.57639
COM: 90 30 90
orientation: 0.057639  0.57639  0.57639  0.57639
COM:  90  30 120
orientation: 0.057639  0.57639  0.57639  0.57639
COM:  90  30 150
orientation: 0.057639  0.57639  0.57639  0.57639
COM:  90  30 180
orientation: 0.057639  0.57639  0.57639  0.57639
COM:  90  30 210
orientation: 0.057639  0.57639  0.57639  0.57639
COM:  90  30 240
orientation: 0.057639  0.57639  0.57639  0.57639
COM:  90  30 270
orientation: 0.057639  0.57639  0.57639  0.57639
COM: 90 60  0
orientation: 0.057639  0.57639  0.57639  0.57639
COM: 90 60 30
orientation: 0.057639  0.57639  0.57639  0.57639
COM: 90 60 60
orientation: 0.057639  0.57639  0.57639  0.57639
COM: 90 60 90
orientation: 0.057639  0.57639  0.57639  0.57639
COM:  90  60 120
orientation: 0.057639  0.57639  0.57639  0.57639
COM:  90  60 150
orientation: 0.057639  0.57639  0.57639  0.57639
COM:  90  60 180
orientation: 0.057639  0.57639  0.57639  0.57639
COM:  90  60 210
orientation: 0.057639  0.57639  0.57639  0.57639
COM:  90  60 240
orientation: 0.057639  0.57639  0.57639  0.57639
COM:  90  60 270
orientation: 0.057639  0.57639  0.57639  0.57639
COM: 90 90  0
orientation: 0.057639  0.57639  0.57639  0.57639
COM: 90 90 30
orientation: 0.057639  0.57639  0.57639  0.57639
COM: 90 90 60
orientation: 0.057639  0.57639  0.57639  0.57639
COM: 90 90 90
orientation: 0.057639  0.57639  0.57639  0.57639
COM:  90  90 120
orientation: 0.057639  0.57639  0.57639  0.57639
COM:  90  90 150
orientation: 0.057639  0.57639  0.57639  0.57639
COM:  90  90 180
orientation: 0.057639  0.57639  0.57639  0.57639
COM:  90  90 210
orientation: 0.057639  0.57639  0.57639  0.57639
COM:  90  90 240
orientation: 0.057639  0.57639  0.57639  0.57639
COM:  90  90 270
orientation: 0.057639  0.57639  0.57639  0.57639
COM:  90 120   0
orientation: 0.057639  0.57639  0.57639  0.57639
COM:  90 120  30
orientation: 0.057639  0.57639  0.57639  0.57639
COM:  90 120  60
orientation: 0.057639  0.57639  0.57639  0.57639
COM:  90 120  90
orientation: 0.057639  0.57639  0.57639  0.57639
COM:  90 120 120
orientation: 0.057639  0.57639  0.57639  0.57639
COM:  90 120 150
orientation: 0.057639  0.57639  0.57639  0.57639
COM:  90 120 180
orientation: 0.057639  0.57639  0.57639  0.57639
COM:  90 120 210
orientation: 0.057639  0.57639  0.57639  0.57639
COM:  90 120 240
orientation: 0.057639  0.57639  0.57639  0.57639
COM:  90 120 270
orientation: 0.057639  0.57639  0.57639  0.57639
COM:  90 150   0
orientation: 0.057639  0.57639  0.57639  0.57639
COM:  90 150  30
orientation: 0.057639  0.57639  0.57639  0.57639
COM:  90 150  60
orientation: 0.057639  0.57639  0.57639  0.57639
COM:  90 150  90
orientation: 0.057639  0.57639  0.57639  0.57639
COM:  90 150 120
orientation: 0.057639  0.57639  0.57639  0.57639
COM:  90 150 150
orientation: 0.057639  0.57639  0.57639  0.57639
COM:  90 150 180
orientation: 0.057639  0.57639  0.57639  0.57639
COM:  90 150 210
orientation: 0.057639  0.57639  0.57639  0.57639
COM:  90 150 240
orientation: 0.057639  0.57639  0.57639  0.57639
COM:  90 150 270
orientation: 0.057639  0.57639  0.57639  0.57639
COM:  90 180   0
orientation: 0.057639  0.57639  0.57639  0.57639
COM:  90 180  30
orientation: 0.057639  0.57639  0.57639  0.57639
COM:  90 180  60
orientation: 0.057639  0.57639  0.57639  0.57639
COM:  90 180  90
orientation: 0.057639  0.57639  0.57639  0.57639
COM:  90 180 120
orientation: 0.057639  0.57639  0.57639  0.57639
COM:  90 180 150
orientation: 0.057639  0.57639  0.57639  0.57639
COM:  90 180 180
orientation: 0.057639  0.57639  0.57639  0.57639
COM:  90 180 210
orientation: 0.057639  0.57639  0.57639  0.57639
COM:  90 180 240
orientation: 0.057639  0.57639  0.57639  0.57639
COM:  90 180 270
orientation: 0.057639  0.57639  0.57639  0.57639
COM:  90 210   0
orientation: 0.057639  0.57639  0.57639  0.57639
COM:  90 210  30
orientation: 0.057639  0.57639  0.57639  0.57639
COM:  90 210  60
orientation: 0.057639  0.57639  0.57639  0.57639
COM:  90 210  90
orientation: 0.057639  0.57639  0.57639  0.57639
COM:  90 210 120
orientation: 0.057639  0.57639  0.57639  0.57639
COM:  90 210 150
orientation: 0.057639  0.57639  0.57639  0.57639
COM:  90 210 180
orientation: 0.057639  0.57639  0.57639  0.57639
COM:  90 210 210
orientation: 0.057639  0.57639  0.57639  0.57639
COM:  90 210 240
orientation: 0.057639  0.57639  0.57639  0.57639
COM:  90 210 270
orientation: 0.057639  0.57639  0.57639  0.57639
COM:  90 240   0
orientation: 0.057639  0.57639  0.57639  0.57639
COM:  90 240  30
orientation: 0.057639  0.57639  0.57639  0.57639
COM:  90 240  60
orientation: 0.057639  0.57639  0.57639  0.57639
COM:  90 240  90
orientation: 0.057639  0.57639  0.57639  0.57639
COM:  90 240 120
orientation: 0.057639  0.57639  0.57639  0.57639
COM:  90 240 150
orientation: 0.057639  0.57639  0.57639  0.57639
COM:  90 240 180
orientation: 0.057639  0.57639  0.57639  0.57639
COM:  90 240 210
orientation: 0.057639  0.57639  0.57639  0.57639
COM:  90 240 240
orientation: 0.057639  0.57639  0.57639  0.57639
COM:  90 240 270
orientation: 0.057639  0.57639  0.57639  0.57639
COM:  90 270   0
orientation: 0.057639  0.57639  0.57639  0.57639
COM:  90 270  30
orientation: 0.057639  0.57639  0.57639  0.57639
COM:  90 270  60
orientation: 0.057639  0.57639  0.57639  0.57639
COM:  90 270  90
orientation: 0.057639  0.57639  0.57639  0.57639
COM:  90 270 120
orientation: 0.057639  0.57639  0.57639  0.57639
COM:  90 270 150
orientation: 0.057639  0.57639  0.57639  0.57639
COM:  90 270 180
orientation: 0.057639  0.57639  0.57639  0.57639
COM:  90 270 210
orientation: 0.057639  0.57639  0.57639  0.57639
COM:  90 270 240
orientation: 0.057639  0.57639  0.57639  0.57639
COM:  90 270 270
orientation: 0.057639  0.57639  0.57639  0.57639
COM: 120   0   0
orientation: 0.057639  0.57639  0.57639  0.57639
COM: 120   0  30
orientation: 0.057639  0.57639  0.57639  0.57639
COM: 120   0  60
orientation: 0.057639  0.57639  0.57639  0.57639
COM: 120   0  90
orientation: 0.057639  0.57639  0.57639  0.57639
COM: 120   0 120
orientation: 0.057639  0.57639  0.57639  0.57639
COM: 120   0 150
orientation: 0.057639  0.57639  0.57639  0.57639
COM: 120   0 180
orientation: 0.057639  0.57639  0.57639  0.57639
COM: 120   0 210
orientation: 0.057639  0.57639  0.57639  0.57639
COM: 120   0 240
orientation: 0.057639  0.57639  0.57639  0.57639
COM: 120   0 270
orientation: 0.057639  0.57639  0.57639  0.57639
COM: 120  30   0
orientation: 0.057639  0.57639  0.57639  0.57639
COM: 120  30  30
orientation: 0.057639  0.57639  0.57639  0.57639
COM: 120  30  60
orientation: 0.057639  0.57639  0.57639  0.57639
COM: 120  30  90
orientation: 0.057639  0.57639  0.57639  0.57639
COM: 120  30 120
orientation: 0.057639  0.57639  0.57639  0.57639
COM: 120  30 150
orientation: 0.057639  0.57639  0.57639  0.57639
COM: 120  30 180
orientation: 0.057639  0.57639  0.57639  0.57639
COM: 120  30 210
orientation: 0.057639  0.57639  0.57639  0.57639
COM: 120  30 240
orientation: 0.057639  0.57639  0.57639  0.57639
COM: 120  30 270
orientation: 0.057639  0.57639  0.57639  0.57639
COM: 120  60   0
orientation: 0.057639  0.57639  0.57639  0.57639
COM: 120  60  30
orientation: 0.057639  0.57639  0.57639  0.57639
COM: 120  60  60
orientation: 0.057639  0.57639  0.57639  0.57639
COM: 120  60  90
orientation: 0.057639  0.57639  0.57639  0.57639
COM: 120  60 120
orientation: 0.057639  0.57639  0.57639  0.57639
COM: 120  60 150
orientation: 0.057639  0.57639  0.57639  0.57639
COM: 120  60 180
orientation: 0.057639  0.57639  0.57639  0.57639
COM: 120  60 210
orientation: 0.057639  0.57639  0.57639  0.57639
COM: 120  60 240
orientation: 0.057639  0.57639  0.57639  0.57639
COM: 120  60 270
orientation: 0.057639  0.57639  0.57639  0.57639
COM: 120  90   0
orientation: 0.057639  0.57639  0.57639  0.57639
COM: 120  90  30
orientation: 0.057639  0.57639  0.57639  0.57639
COM: 120  90  60
orientation: 0.057639  0.57639  0.57639  0.57639
COM: 120  90  90
orientation: 0.057639  0.57639  0.57639  0.57639
COM: 120  90 120
orientation: 0.057639  0.57639  0.57639  0.57639
COM: 120  90 150
orientation: 0.057639  0.57639  0.57639  0.57639
COM: 120  90 180
orientation: 0.057639  0.57639  0.57639  0.57639
COM: 120  90 210
orientation: 0.057639  0.57639  0.57639  0.57639
COM: 120  90 240
orientation: 0.057639  0.57639  0.57639  0.57639
COM: 120  90 270
orientation: 0.057639  0.57639  0.57639  0.57639
COM: 120 120   0
orientation: 0.057639  0.57639  0.57639  0.57639
COM: 120 120  30
orientation: 0.057639  0.57639  0.57639  0.57639
COM: 120 120  60
orientation: 0.057639  0.57639  0.57639  0.57639
COM: 120 120  90
orientation: 0.057639  0.57639  0.57639  0.57639
COM: 120 120 120
orientation: 0.057639  0.57639  0.57639  0.57639
COM: 120 120 150
orientation: 0.057639  0.57639  0.57639  0.57639
COM: 120 120 180
orientation: 0.057639  0.57639  0.57639  0.57639
COM: 120 120 210
orientation: 0.057639  0.57639  0.57639  0.57639
COM: 120 120 240
orientation: 0.057639  0.57639  0.57639  0.57639
COM: 120 120 270
orientation: 0.057639  0.57639  0.57639  0.57639
COM: 120 150   0
orientation: 0.057639  0.57639  0.57639  0.57639
COM: 120 150  30
orientation: 0.057639  0.57639  0.57639  0.57639
COM: 120 150  60
orientation: 0.057639  0.57639  0.57639  0.57639
COM: 120 150  90
orientation: 0.057639  0.57639  0.57639  0.57639
COM: 120 150 120
orientation: 0.057639  0.57639  0.57639  0.57639
COM: 120 150 150
orientation: 0.057639  0.57639  0.57639  0.57639
COM: 120 150 180
orientation: 0.057639  0.57639  0.57639  0.57639
COM: 120 150 210
orientation: 0.057639  0.57639  0.57639  0.57639
COM: 120 150 240
orientation: 0.057639  0.57639  0.57639  0.57639
COM: 120 150 270
orientation: 0.057639  0.57639  0.57639  0.57639
COM: 120 180   0
orientation: 0.057639  0.57639  0.57639  0.57639
COM: 120 180  30
orientation: 0.057639  0.57639  0.57639  0.57639
COM: 120 180  60
orientation: 0.057639  0.57639  0.57639  0.57639
COM: 120 180  90
orientation: 0.057639  0.57639  0.57639  0.57639
COM: 120 180 120
orientation: 0.057639  0.57639  0.57639  0.57639
COM: 120 180 150
orientation: 0.057639  0.57639  0.57639  0.57639
COM: 120 180 180
orientation: 0.057639  0.57639  0.57639  0.57639
COM: 120 180 210
orientation: 0.057639  0.57639  0.57639  0.57639
COM: 120 180 240
orientation: 0.057639  0.57639  0.57639  0.57639
COM: 120 180 270
orientation: 0.057639  0.57639  0.57639  0.57639
COM: 120 210   0
orientation: 0.057639  0.57639  0.57639  0.57639
COM: 120 210  30
orientation: 0.057639  0.57639  0.57639  0.57639
COM: 120 210  60
orientation: 0.057639  0.57639  0.57639  0.57639
COM: 120 210  90
orientation: 0.057639  0.57639  0.57639  0.57639
COM: 120 210 120
orientation: 0.057639  0.57639  0.57639  0.57639
COM: 120 210 150
orientation: 0.057639  0.57639  0.57639  0.57639
COM: 120 210 180
orientation: 0.057639  0.57639  0.57639  0.57639
COM: 120 210 210
orientation: 0.057639  0.57639  0.57639  0.57639
COM: 120 210 240
orientation: 0.057639  0.57639  0.57639  0.57639
COM: 120 210 270
orientation: 0.057639  0.57639  0.57639  0.57639
COM: 120 240   0
orientation: 0.057639  0.57639  0.57639  0.57639
COM: 120 240  30
orientation: 0.057639  0.57639  0.57639  0.57639
COM: 120 240  60
orientation: 0.057639  0.57639  0.57639  0.57639
COM: 120 240  90
orientation: 0.057639  0.57639  0.57639  0.57639
COM: 120 240 120
orientation: 0.057639  0.57639  0.57639  0.57639
COM: 120 240 150
orientation: 0.057639  0.57639  0.57639  0.57639
COM: 120 240 180
orientation: 0.057639  0.57639  0.57639  0.57639
COM: 120 240 210
orientation: 0.057639  0.57639  0.57639  0.57639
COM: 120 240 240
orientation: 0.057639  0.57639  0.57639  0.57639
COM: 120 240 270
orientation: 0.057639  0.57639  0.57639  0.57639
COM: 120 270   0
orientation: 0.057639  0.57639  0.57639  0.57639
COM: 120 270  30
orientation: 0.057639  0.57639  0.57639  0.57639
COM: 120 270  60
orientation: 0.057639  0.57639  0.57639  0.57639
COM: 120 270  90
orientation: 0.057639  0.57639  0.57639  0.57639
COM: 120 270 120
orientation: 0.057639  0.57639  0.57639  0.57639
COM: 120 270 150
orientation: 0.057639  0.57639  0.57639  0.57639
COM: 120 270 180
orientation: 0.057639  0.57639  0.57639  0.57639
COM: 120 270 210
orientation: 0.057639  0.57639  0.57639  0.57639
COM: 120 270 240
orientation: 0.057639  0.57639  0.57639  0.57639
COM: 120 270 270
orientation: 0.057639  0.57639  0.57639  0.57639
COM: 150   0   0
orientation: 0.057639  0.57639  0.57639  0.57639
COM: 150   0  30
orientation: 0.057639  0.57639  0.57639  0.57639
COM: 150   0  60
orientation: 0.057639  0.57639  0.57639  0.57639
COM: 150   0  90
orientation: 0.057639  0.57639  0.57639  0.57639
COM: 150   0 120
orientation: 0.057639  0.57639  0.57639  0.57639
COM: 150   0 150
orientation: 0.057639  0.57639  0.57639  0.57639
COM: 150   0 180
orientation: 0.057639  0.57639  0.57639  0.57639
COM: 150   0 210
orientation: 0.057639  0.57639  0.57639  0.57639
COM: 150   0 240
orientation: 0.057639  0.57639  0.57639  0.57639
COM: 150   0 270
orientation: 0.057639  0.57639  0.57639  0.57639
COM: 150  30   0
orientation: 0.057639  0.57639  0.57639  0.57639
COM: 150  30  30
orientation: 0.057639  0.57639  0.57639  0.57639
COM: 150  30  60
orientation: 0.057639  0.57639  0.57639  0.57639
COM: 150  30  90
orientation: 0.057639  0.57639  0.57639  0.57639
COM: 150  30 120
orientation: 0.057639  0.57639  0.57639  0.57639
COM: 150  30 150
orientation: 0.057639  0.57639  0.57639  0.57639
COM: 150  30 180
orientation: 0.057639  0.57639  0.57639  0.57639
COM: 150  30 210
orientation: 0.057639  0.57639  0.57639  0.57639
COM: 150  30 240
orientation: 0.057639  0.57639  0.57639  0.57639
COM: 150  30 270
orientation: 0.057639  0.57639  0.57639  0.57639
COM: 150  60   0
orientation: 0.057639  0.57639  0.57639  0.57639
COM: 150  60  30
orientation: 0.057639  0.57639  0.57639  0.57639
COM: 150  60  60
orientation: 0.057639  0.57639  0.57639  0.57639
COM: 150  60  90
orientation: 0.057639  0.57639  0.57639  0.57639
COM: 150  60 120
orientation: 0.057639  0.57639  0.57639  0.57639
COM: 150  60 150
orientation: 0.057639  0.57639  0.57639  0.57639
COM: 150  60 180
orientation: 0.057639  0.57639  0.57639  0.57639
COM: 150  60 210
orientation: 0.057639  0.57639  0.57639  0.57639
COM: 150  60 240
orientation: 0.057639  0.57639  0.57639  0.57639
COM: 150  60 270
orientation: 0.057639  0.57639  0.57639  0.57639
COM: 150  90   0
orientation: 0.057639  0.57639  0.57639  0.57639
COM: 150  90  30
orientation: 0.057639  0.57639  0.57639  0.57639
COM: 150  90  60
orientation: 0.057639  0.57639  0.57639  0.57639
COM: 150  90  90
orientation: 0.057639  0.57639  0.57639  0.57639
COM: 150  90 120
orientation: 0.057639  0.57639  0.57639  0.57639
COM: 150  90 150
orientation: 0.057639  0.57639  0.57639  0.57639
COM: 150  90 180
orientation: 0.057639  0.57639  0.57639  0.57639
COM: 150  90 210
orientation: 0.057639  0.57639  0.57639  0.57639
COM: 150  90 240
orientation: 0.057639  0.57639  0.57639  0.57639
COM: 150  90 270
orientation: 0.057639  0.57639  0.57639  0.57639
COM: 150 120   0
orientation: 0.057639  0.57639  0.57639  0.57639
COM: 150 120  30
orientation: 0.057639  0.57639  0.57639  0.57639
COM: 150 120  60
orientation: 0.057639  0.57639  0.57639  0.57639
COM: 150 120  90
orientation: 0.057639  0.57639  0.57639  0.57639
COM: 150 120 120
orientation: 0.057639  0.57639  0.57639  0.57639
COM: 150 120 150
orientation: 0.057639  0.57639  0.57639  0.57639
COM: 150 120 180
orientation: 0.057639  0.57639  0.57639  0.57639
COM: 150 120 210
orientation: 0.057639  0.57639  0.57639  0.57639
COM: 150 120 240
orientation: 0.057639  0.57639  0.57639  0.57639
COM: 150 120 270
orientation: 0.057639  0.57639  0.57639  0.57639
COM: 150 150   0
orientation: 0.057639  0.57639  0.57639  0.57639
COM: 150 150  30
orientation: 0.057639  0.57639  0.57639  0.57639
COM: 150 150  60
orientation: 0.057639  0.57639  0.57639  0.57639
COM: 150 150  90
orientation: 0.057639  0.57639  0.57639  0.57639
COM: 150 150 120
orientation: 0.057639  0.57639  0.57639  0.57639
COM: 150 150 150
orientation: 0.057639  0.57639  0.57639  0.57639
COM: 150 150 180
orientation: 0.057639  0.57639  0.57639  0.57639
COM: 150 150 210
orientation: 0.057639  0.57639  0.57639  0.57639
COM: 150 150 240
orientation: 0.057639  0.57639  0.57639  0.57639
COM: 150 150 270
orientation: 0.057639  0.57639  0.57639  0.57639
COM: 150 180   0
orientation: 0.057639  0.57639  0.57639  0.57639
COM: 150 180  30
orientation: 0.057639  0.57639  0.57639  0.57639
COM: 150 180  60
orientation: 0.057639  0.57639  0.57639  0.57639
COM: 150 180  90
orientation: 0.057639  0.57639  0.57639  0.57639
COM: 150 180 120
orientation: 0.057639  0.57639  0.57639  0.57639
COM: 150 180 150
orientation: 0.057639  0.57639  0.57639  0.57639
COM: 150 180 180
orientation: 0.057639  0.57639  0.57639  0.57639
COM: 150 180 210
orientation: 0.057639  0.57639  0.57639  0.57639
COM: 150 180 240
orientation: 0.057639  0.57639  0.57639  0.57639
COM: 150 180 270
orientation: 0.057639  0.57639  0.57639  0.57639
COM: 150 210   0
orientation: 0.057639  0.57639  0.57639  0.57639
COM: 150 210  30
orientation: 0.057639  0.57639  0.57639  0.57639
COM: 150 210  60
orientation: 0.057639  0.57639  0.57639  0.57639
COM: 150 210  90
orientation: 0.057639  0.57639  0.57639  0.57639
COM: 150 210 120
orientation: 0.057639  0.57639  0.57639  0.57639
COM: 150 210 150
orientation: 0.057639  0.57639  0.57639  0.57639
COM: 150 210 180
orientation: 0.057639  0.57639  0.57639  0.57639
COM: 150 210 210
orientation: 0.057639  0.57639  0.57639  0.57639
COM: 150 210 240
orientation: 0.057639  0.57639  0.57639  0.57639
COM: 150 210 270
orientation: 0.057639  0.57639  0.57639  0.57639
COM: 150 240   0
orientation: 0.057639  0.57639  0.57639  0.57639
COM: 150 240  30
orientation: 0.057639  0.57639  0.57639  0.57639
COM: 150 240  60
orientation: 0.057639  0.57639  0.57639  0.57639
COM: 150 240  90
orientation: 0.057639  0.57639  0.57639  0.57639
COM: 150 240 120
orientation: 0.057639  0.57639  0.57639  0.57639
COM: 150 240 150
orientation: 0.057639  0.57639  0.57639  0.57639
COM: 150 240 180
orientation: 0.057639  0.57639  0.57639  0.57639
COM: 150 240 210
orientation: 0.057639  0.57639  0.57639  0.57639
COM: 150 240 240
orientation: 0.057639  0.57639  0.57639  0.57639
COM: 150 240 270
orientation: 0.057639  0.57639  0.57639  0.57639
COM: 150 270   0
orientation: 0.057639  0.57639  0.57639  0.57639
COM: 150 270  30
orientation: 0.057639  0.57639  0.57639  0.57639
COM: 150 270  60
orientation: 0.057639  0.57639  0.57639  0.57639
COM: 150 270  90
orientation: 0.057639  0.57639  0.57639  0.57639
COM: 150 270 120
orientation: 0.057639  0.57639  0.57639  0.57639
COM: 150 270 150
orientation: 0.057639  0.57639  0.57639  0.57639
COM: 150 270 180
orientation: 0.057639  0.57639  0.57639  0.57639
COM: 150 270 210
orientation: 0.057639  0.57639  0.57639  0.57639
COM: 150 270 240
orientation: 0.057639  0.57639  0.57639  0.57639
COM: 150 270 270
orientation: 0.057639  0.57639  0.57639  0.57639
COM: 180   0   0
orientation: 0.057639  0.57639  0.57639  0.57639
COM: 180   0  30
orientation: 0.057639  0.57639  0.57639  0.57639
COM: 180   0  60
orientation: 0.057639  0.57639  0.57639  0.57639
COM: 180   0  90
orientation: 0.057639  0.57639  0.57639  0.57639
COM: 180   0 120
orientation: 0.057639  0.57639  0.57639  0.57639
COM: 180   0 150
orientation: 0.057639  0.57639  0.57639  0.57639
COM: 180   0 180
orientation: 0.057639  0.57639  0.57639  0.57639
COM: 180   0 210
orientation: 0.057639  0.57639  0.57639  0.57639
COM: 180   0 240
orientation: 0.057639  0.57639  0.57639  0.57639
COM: 180   0 270
orientation: 0.057639  0.57639  0.57639  0.57639
COM: 180  30   0
orientation: 0.057639  0.57639  0.57639  0.57639
COM: 180  30  30
orientation: 0.057639  0.57639  0.57639  0.57639
COM: 180  30  60
orientation: 0.057639  0.57639  0.57639  0.57639
COM: 180  30  90
orientation: 0.057639  0.57639  0.57639  0.57639
COM: 180  30 120
orientation: 0.057639  0.57639  0.57639  0.57639
COM: 180  30 150
orientation: 0.057639  0.57639  0.57639  0.57639
COM: 180  30 180
orientation: 0.057639  0.57639  0.57639  0.57639
COM: 180  30 210
orientation: 0.057639  0.57639  0.57639  0.57639
COM: 180  30 240
orientation: 0.057639  0.57639  0.57639  0.57639
COM: 180  30 270
orientation: 0.057639  0.57639  0.57639  0.57639
COM: 180  60   0
orientation: 0.057639  0.57639  0.57639  0.57639
COM: 180  60  30
orientation: 0.057639  0.57639  0.57639  0.57639
COM: 180  60  60
orientation: 0.057639  0.57639  0.57639  0.57639
COM: 180  60  90
orientation: 0.057639  0.57639  0.57639  0.57639
COM: 180  60 120
orientation: 0.057639  0.57639  0.57639  0.57639
COM: 180  60 150
orientation: 0.057639  0.57639  0.57639  0.57639
COM: 180  60 180
orientation: 0.057639  0.57639  0.57639  0.57639
COM: 180  60 210
orientation: 0.057639  0.57639  0.57639  0.57639
COM: 180  60 240
orientation: 0.057639  0.57639  0.57639  0.57639
COM: 180  60 270
orientation: 0.057639  0.57639  0.57639  0.57639
COM: 180  90   0
orientation: 0.057639  0.57639  0.57639  0.57639
COM: 180  90  30
orientation: 0.057639  0.57639  0.57639  0.57639
COM: 180  90  60
orientation: 0.057639  0.57639  0.57639  0.57639
COM: 180  90  90
orientation: 0.057639  0.57639  0.57639  0.57639
COM: 180  90 120
orientation: 0.057639  0.57639  0.57639  0.57639
COM: 180  90 150
orientation: 0.057639  0.57639  0.57639  0.57639
COM: 180  90 180
orientation: 0.057639  0.57639  0.57639  0.57639
COM: 180  90 210
orientation: 0.057639  0.57639  0.57639  0.57639
COM: 180  90 240
orientation: 0.057639  0.57639  0.57639  0.57639
COM: 180  90 270
orientation: 0.057639  0.57639  0.57639  0.57639
COM: 180 120   0
orientation: 0.057639  0.57639  0.57639  0.57639
COM: 180 120  30
orientation: 0.057639  0.57639  0.57639  0.57639
COM: 180 120  60
orientation: 0.057639  0.57639  0.57639  0.57639
COM: 180 120  90
orientation: 0.057639  0.57639  0.57639  0.57639
COM: 180 120 120
orientation: 0.057639  0.57639  0.57639  0.57639
COM: 180 120 150
orientation: 0.057639  0.57639  0.57639  0.57639
COM: 180 120 180
orientation: 0.057639  0.57639  0.57639  0.57639
COM: 180 120 210
orientation: 0.057639  0.57639  0.57639  0.57639
COM: 180 120 240
orientation: 0.057639  0.57639  0.57639  0.57639
COM: 180 120 270
orientation: 0.057639  0.57639  0.57639  0.57639
COM: 180 150   0
orientation: 0.057639  0.57639  0.57639  0.57639
COM: 180 150  30
orientation: 0.057639  0.57639  0.57639  0.57639
COM: 180 150  60
orientation: 0.057639  0.57639  0.57639  0.57639
COM: 180 150  90
orientation: 0.057639  0.57639  0.57639  0.57639
COM: 180 150 120
orientation: 0.057639  0.57639  0.57639  0.57639
COM: 180 150 150
orientation: 0.057639  0.57639  0.57639  0.57639
COM: 180 150 180
orientation: 0.057639  0.57639  0.57639  0.57639
COM: 180 150 210
orientation: 0.057639  0.57639  0.57639  0.57639
COM: 180 150 240
orientation: 0.057639  0.57639  0.57639  0.57639
COM: 180 150 270
orientation: 0.057639  0.57639  0.57639  0.57639
COM: 180 180   0
orientation: 0.057639  0.57639  0.57639  0.57639
COM: 180 180  30
orientation: 0.057639  0.57639  0.57639  0.57639
COM: 180 180  60
orientation: 0.057639  0.57639  0.57639  0.57639
COM: 180 180  90
orientation: 0.057639  0.57639  0.57639  0.57639
COM: 180 180 120
orientation: 0.057639  0.57639  0.57639  0.57639
COM: 180 180 150
orientation: 0.057639  0.57639  0.57639  0.57639
COM: 180 180 180
orientation: 0.057639  0.57639  0.57639  0.57639
COM: 180 180 210
orientation: 0.057639  0.57639  0.57639  0.57639
COM: 180 180 240
orientation: 0.057639  0.57639  0.57639  0.57639
COM: 180 180 270
orientation: 0.057639  0.57639  0.57639  0.57639
COM: 180 210   0
orientation: 0.057639  0.57639  0.57639  0.57639
COM: 180 210  30
orientation: 0.057639  0.57639  0.57639  0.57639
COM: 180 210  60
orientation: 0.057639  0.57639  0.57639  0.57639
COM: 180 210  90
orientation: 0.057639  0.57639  0.57639  0.57639
COM: 180 210 120
orientation: 0.057639  0.57639  0.57639  0.57639
COM: 180 210 150
orientation: 0.057639  0.57639  0.57639  0.57639
COM: 180 210 180
orientation: 0.057639  0.57639  0.57639  0.57639
COM: 180 210 210
orientation: 0.057639  0.57639  0.57639  0.57639
COM: 180 210 240
orientation: 0.057639  0.57639  0.57639  0.57639
COM: 180 210 270
orientation: 0.057639  0.57639  0.57639  0.57639
COM: 180 240   0
orientation: 0.057639  0.57639  0.57639  0.57639
COM: 180 240  30
orientation: 0.057639  0.57639  0.57639  0.57639
COM: 180 240  60
orientation: 0.057639  0.57639  0.57639  0.57639
COM: 180 240  90
orientation: 0.057639  0.57639  0.57639  0.57639
COM: 180 240 120
orientation: 0.057639  0.57639  0.57639  0.57639
COM: 180 240 150
orientation: 0.057639  0.57639  0.57639  0.57639
COM: 180 240 180
orientation: 0.057639  0.57639  0.57639  0.57639
COM: 180 240 210
orientation: 0.057639  0.57639  0.57639  0.57639
COM: 180 240 240
orientation: 0.057639  0.57639  0.57639  0.57639
COM: 180 240 270
orientation: 0.057639  0.57639  0.57639  0.57639
COM: 180 270   0
orientation: 0.057639  0.57639  0.57639  0.57639
COM: 180 270  30
orientation: 0.057639  0.57639  0.57639  0.57639
COM: 180 270  60
orientation: 0.057639  0.57639  0.57639  0.57639
COM: 180 270  90
orientation: 0.057639  0.57639  0.57639  0.57639
COM: 180 270 120
orientation: 0.057639  0.57639  0.57639  0.57639
COM: 180 270 150
orientation: 0.057639  0.57639  0.57639  0.57639
COM: 180 270 180
orientation: 0.057639  0.57639  0.57639  0.57639
COM: 180 270 210
orientation: 0.057639  0.57639  0.57639  0.57639
COM: 180 270 240
orientation: 0.057639  0.57639  0.57639  0.57639
COM: 180 270 270
orientation: 0.057639  0.57639  0.57639  0.57639
COM: 210   0   0
orientation: 0.057639  0.57639  0.57639  0.57639
COM: 210   0  30
orientation: 0.057639  0.57639  0.57639  0.57639
COM: 210   0  60
orientation: 0.057639  0.57639  0.57639  0.57639
COM: 210   0  90
orientation: 0.057639  0.57639  0.57639  0.57639
COM: 210   0 120
orientation: 0.057639  0.57639  0.57639  0.57639
COM: 210   0 150
orientation: 0.057639  0.57639  0.57639  0.57639
COM: 210   0 180
orientation: 0.057639  0.57639  0.57639  0.57639
COM: 210   0 210
orientation: 0.057639  0.57639  0.57639  0.57639
COM: 210   0 240
orientation: 0.057639  0.57639  0.57639  0.57639
COM: 210   0 270
orientation: 0.057639  0.57639  0.57639  0.57639
COM: 210  30   0
orientation: 0.057639  0.57639  0.57639  0.57639
COM: 210  30  30
orientation: 0.057639  0.57639  0.57639  0.57639
COM: 210  30  60
orientation: 0.057639  0.57639  0.57639  0.57639
COM: 210  30  90
orientation: 0.057639  0.57639  0.57639  0.57639
COM: 210  30 120
orientation: 0.057639  0.57639  0.57639  0.57639
COM: 210  30 150
orientation: 0.057639  0.57639  0.57639  0.57639
COM: 210  30 180
orientation: 0.057639  0.57639  0.57639  0.57639
COM: 210  30 210
orientation: 0.057639  0.57639  0.57639  0.57639
COM: 210  30 240
orientation: 0.057639  0.57639  0.57639  0.57639
COM: 210  30 270
orientation: 0.057639  0.57639  0.57639  0.57639
COM: 210  60   0
orientation: 0.057639  0.57639  0.57639  0.57639
COM: 210  60  30
orientation: 0.057639  0.57639  0.57639  0.57639
COM: 210  60  60
orientation: 0.057639  0.57639  0.57639  0.57639
COM: 210  60  90
orientation: 0.057639  0.57639  0.57639  0.57639
COM: 210  60 120
orientation: 0.057639  0.57639  0.57639  0.57639
COM: 210  60 150
orientation: 0.057639  0.57639  0.57639  0.57639
COM: 210  60 180
orientation: 0.057639  0.57639  0.57639  0.57639
COM: 210  60 210
orientation: 0.057639  0.57639  0.57639  0.57639
COM: 210  60 240
orientation: 0.057639  0.57639  0.57639  0.57639
COM: 210  60 270
orientation: 0.057639  0.57639  0.57639  0.57639
COM: 210  90   0
orientation: 0.057639  0.57639  0.57639  0.57639
COM: 210  90  30
orientation: 0.057639  0.57639  0.57639  0.57639
COM: 210  90  60
orientation: 0.057639  0.57639  0.57639  0.57639
COM: 210  90  90
orientation: 0.057639  0.57639  0.57639  0.57639
COM: 210  90 120
orientation: 0.057639  0.57639  0.57639  0.57639
COM: 210  90 150
orientation: 0.057639  0.57639  0.57639  0.57639
COM: 210  90 180
orientation: 0.057639  0.57639  0.57639  0.57639
COM: 210  90 210
orientation: 0.057639  0.57639  0.57639  0.57639
COM: 210  90 240
orientation: 0.057639  0.57639  0.57639  0.57639
COM: 210  90 270
orientation: 0.057639  0.57639  0.57639  0.57639
COM: 210 120   0
orientation: 0.057639  0.57639  0.57639  0.57639
COM: 210 120  30
orientation: 0.057639  0.57639  0.57639  0.57639
COM: 210 120  60
orientation: 0.057639  0.57639  0.57639  0.57639
COM: 210 120  90
orientation: 0.057639  0.57639  0.57639  0.57639
COM: 210 120 120
orientation: 0.057639  0.57639  0.57639  0.57639
COM: 210 120 150
orientation: 0.057639  0.57639  0.57639  0.57639
COM: 210 120 180
orientation: 0.057639  0.57639  0.57639  0.57639
COM: 210 120 210
orientation: 0.057639  0.57639  0.57639  0.57639
COM: 210 120 240
orientation: 0.057639  0.57639  0.57639  0.57639
COM: 210 120 270
orientation: 0.057639  0.57639  0.57639  0.57639
COM: 210 150   0
orientation: 0.057639  0.57639  0.57639  0.57639
COM: 210 150  30
orientation: 0.057639  0.57639  0.57639  0.57639
COM: 210 150  60
orientation: 0.057639  0.57639  0.57639  0.57639
COM: 210 150  90
orientation: 0.057639  0.57639  0.57639  0.57639
COM: 210 150 120
orientation: 0.057639  0.57639  0.57639  0.57639
COM: 210 150 150
orientation: 0.057639  0.57639  0.57639  0.57639
COM: 210 150 180
orientation: 0.057639  0.57639  0.57639  0.57639
COM: 210 150 210
orientation: 0.057639  0.57639  0.57639  0.57639
COM: 210 150 240
orientation: 0.057639  0.57639  0.57639  0.57639
COM: 210 150 270
orientation: 0.057639  0.57639  0.57639  0.57639
COM: 210 180   0
orientation: 0.057639  0.57639  0.57639  0.57639
COM: 210 180  30
orientation: 0.057639  0.57639  0.57639  0.57639
COM: 210 180  60
orientation: 0.057639  0.57639  0.57639  0.57639
COM: 210 180  90
orientation: 0.057639  0.57639  0.57639  0.57639
COM: 210 180 120
orientation: 0.057639  0.57639  0.57639  0.57639
COM: 210 180 150
orientation: 0.057639  0.57639  0.57639  0.57639
COM: 210 180 180
orientation: 0.057639  0.57639  0.57639  0.57639
COM: 210 180 210
orientation: 0.057639  0.57639  0.57639  0.57639
COM: 210 180 240
orientation: 0.057639  0.57639  0.57639  0.57639
COM: 210 180 270
orientation: 0.057639  0.57639  0.57639  0.57639
COM: 210 210   0
orientation: 0.057639  0.57639  0.57639  0.57639
COM: 210 210  30
orientation: 0.057639  0.57639  0.57639  0.57639
COM: 210 210  60
orientation: 0.057639  0.57639  0.57639  0.57639
COM: 210 210  90
orientation: 0.057639  0.57639  0.57639  0.57639
COM: 210 210 120
orientation: 0.057639  0.57639  0.57639  0.57639
COM: 210 210 150
orientation: 0.057639  0.57639  0.57639  0.57639
COM: 210 210 180
orientation: 0.057639  0.57639  0.57639  0.57639
COM: 210 210 210
orientation: 0.057639  0.57639  0.57639  0.57639
COM: 210 210 240
orientation: 0.057639  0.57639  0.57639  0.57639
COM: 210 210 270
orientation: 0.057639  0.57639  0.57639  0.57639
COM: 210 240   0
orientation: 0.057639  0.57639  0.57639  0.57639
COM: 210 240  30
orientation: 0.057639  0.57639  0.57639  0.57639
COM: 210 240  60
orientation: 0.057639  0.57639  0.57639  0.57639
COM: 210 240  90
orientation: 0.057639  0.57639  0.57639  0.57639
COM: 210 240 120
orientation: 0.057639  0.57639  0.57639  0.57639
COM: 210 240 150
orientation: 0.057639  0.57639  0.57639  0.57639
COM: 210 240 180
orientation: 0.057639  0.57639  0.57639  0.57639
COM: 210 240 210
orientation: 0.057639  0.57639  0.57639  0.57639
COM: 210 240 240
orientation: 0.057639  0.57639  0.57639  0.57639
COM: 210 240 270
orientation: 0.057639  0.57639  0.57639  0.57639
COM: 210 270   0
orientation: 0.057639  0.57639  0.57639  0.57639
COM: 210 270  30
orientation: 0.057639  0.57639  0.57639  0.57639
COM: 210 270  60
orientation: 0.057639  0.57639  0.57639  0.57639
COM: 210 270  90
orientation: 0.057639  0.57639  0.57639  0.57639
COM: 210 270 120
orientation: 0.057639  0.57639  0.57639  0.57639
COM: 210 270 150
orientation: 0.057639  0.57639  0.57639  0.57639
COM: 210 270 180
orientation: 0.057639  0.57639  0.57639  0.57639
COM: 210 270 210
orientation: 0.057639  0.57639  0.57639  0.57639
COM: 210 270 240
orientation: 0.057639  0.57639  0.57639  0.57639
COM: 210 270 270
orientation: 0.057639  0.57639  0.57639  0.57639
COM: 240   0   0
orientation: 0.057639  0.57639  0.57639  0.57639
COM: 240   0  30
orientation: 0.057639  0.57639  0.57639  0.57639
COM: 240   0  60
orientation: 0.057639  0.57639  0.57639  0.57639
COM: 240   0  90
orientation: 0.057639  0.57639  0.57639  0.57639
COM: 240   0 120
orientation: 0.057639  0.57639  0.57639  0.57639
COM: 240   0 150
orientation: 0.057639  0.57639  0.57639  0.57639
COM: 240   0 180
orientation: 0.057639  0.57639  0.57639  0.57639
COM: 240   0 210
orientation: 0.057639  0.57639  0.57639  0.57639
COM: 240   0 240
orientation: 0.057639  0.57639  0.57639  0.57639
COM: 240   0 270
orientation: 0.057639  0.57639  0.57639  0.57639
COM: 240  30   0
orientation: 0.057639  0.57639  0.57639  0.57639
COM: 240  30  30
orientation: 0.057639  0.57639  0.57639  0.57639
COM: 240  30  60
orientation: 0.057639  0.57639  0.57639  0.57639
COM: 240  30  90
orientation: 0.057639  0.57639  0.57639  0.57639
COM: 240  30 120
orientation: 0.057639  0.57639  0.57639  0.57639
COM: 240  30 150
orientation: 0.057639  0.57639  0.57639  0.57639
COM: 240  30 180
orientation: 0.057639  0.57639  0.57639  0.57639
COM: 240  30 210
orientation: 0.057639  0.57639  0.57639  0.57639
COM: 240  30 240
orientation: 0.057639  0.57639  0.57639  0.57639
COM: 240  30 270
orientation: 0.057639  0.57639  0.57639  0.57639
COM: 240  60   0
orientation: 0.057639  0.57639  0.57639  0.57639
COM: 240  60  30
orientation: 0.057639  0.57639  0.57639  0.57639
COM: 240  60  60
orientation: 0.057639  0.57639  0.57639  0.57639
COM: 240  60  90
orientation: 0.057639  0.57639  0.57639  0.57639
COM: 240  60 120
orientation: 0.057639  0.57639  0.57639  0.57639
COM: 240  60 150
orientation: 0.057639  0.57639  0.57639  0.57639
COM: 240  60 180
orientation: 0.057639  0.57639  0.57639  0.57639
COM: 240  60 210
orientation: 0.057639  0.57639  0.57639  0.57639
COM: 240  60 240
orientation: 0.057639  0.57639  0.57639  0.57639
COM: 240  60 270
orientation: 0.057639  0.57639  0.57639  0.57639
COM: 240  90   0
orientation: 0.057639  0.57639  0.57639  0.57639
COM: 240  90  30
orientation: 0.057639  0.57639  0.57639  0.57639
COM: 240  90  60
orientation: 0.057639  0.57639  0.57639  0.57639
COM: 240  90  90
orientation: 0.057639  0.57639  0.57639  0.57639
COM: 240  90 120
orientation: 0.057639  0.57639  0.57639  0.57639
COM: 240  90 150
orientation: 0.057639  0.57639  0.57639  0.57639
COM: 240  90 180
orientation: 0.057639  0.57639  0.57639  0.57639
COM: 240  90 210
orientation: 0.057639  0.57639  0.57639  0.57639
COM: 240  90 240
orientation: 0.057639  0.57639  0.57639  0.57639
COM: 240  90 270
orientation: 0.057639  0.57639  0.57639  0.57639
COM: 240 120   0
orientation: 0.057639  0.57639  0.57639  0.57639
COM: 240 120  30
orientation: 0.057639  0.57639  0.57639  0.57639
COM: 240 120  60
orientation: 0.057639  0.57639  0.57639  0.57639
COM: 240 120  90
orientation: 0.057639  0.57639  0.57639  0.57639
COM: 240 120 120
orientation: 0.057639  0.57639  0.57639  0.57639
COM: 240 120 150
orientation: 0.057639  0.57639  0.57639  0.57639
COM: 240 120 180
orientation: 0.057639  0.57639  0.57639  0.57639
COM: 240 120 210
orientation: 0.057639  0.57639  0.57639  0.57639
COM: 240 120 240
orientation: 0.057639  0.57639  0.57639  0.57639
COM: 240 120 270
orientation: 0.057639  0.57639  0.57639  0.57639
COM: 240 150   0
orientation: 0.057639  0.57639  0.57639  0.57639
COM: 240 150  30
orientation: 0.057639  0.57639  0.57639  0.57639
COM: 240 150  60
orientation: 0.057639  0.57639  0.57639  0.57639
COM: 240 150  90
orientation: 0.057639  0.57639  0.57639  0.57639
COM: 240 150 120
orientation: 0.057639  0.57639  0.57639  0.57639
COM: 240 150 150
orientation: 0.057639  0.57639  0.57639  0.57639
COM: 240 150 180
orientation: 0.057639  0.57639  0.57639  0.57639
COM: 240 150 210
orientation: 0.057639  0.57639  0.57639  0.57639
COM: 240 150 240
orientation: 0.057639  0.57639  0.57639  0.57639
COM: 240 150 270
orientation: 0.057639  0.57639  0.57639  0.57639
COM: 240 180   0
orientation: 0.057639  0.57639  0.57639  0.57639
COM: 240 180  30
orientation: 0.057639  0.57639  0.57639  0.57639
COM: 240 180  60
orientation: 0.057639  0.57639  0.57639  0.57639
COM: 240 180  90
orientation: 0.057639  0.57639  0.57639  0.57639
COM: 240 180 120
orientation: 0.057639  0.57639  0.57639  0.57639
COM: 240 180 150
orientation: 0.057639  0.57639  0.57639  0.57639
COM: 240 180 180
orientation: 0.057639  0.57639  0.57639  0.57639
COM: 240 180 210
orientation: 0.057639  0.57639  0.57639  0.57639
COM: 240 180 240
orientation: 0.057639  0.57639  0.57639  0.57639
COM: 240 180 270
orientation: 0.057639  0.57639  0.57639  0.57639
COM: 240 210   0
orientation: 0.057639  0.57639  0.57639  0.57639
COM: 240 210  30
orientation: 0.057639  0.57639  0.57639  0.57639
COM: 240 210  60
orientation: 0.057639  0.57639  0.57639  0.57639
COM: 240 210  90
orientation: 0.057639  0.57639  0.57639  0.57639
COM: 240 210 120
orientation: 0.057639  0.57639  0.57639  0.57639
COM: 240 210 150
orientation: 0.057639  0.57639  0.57639  0.57639
COM: 240 210 180
orientation: 0.057639  0.57639  0.57639  0.57639
COM: 240 210 210
orientation: 0.057639  0.57639  0.57639  0.57639
COM: 240 210 240
orientation: 0.057639  0.57639  0.57639  0.57639
COM: 240 210 270
orientation: 0.057639  0.57639  0.57639  0.57639
COM: 240 240   0
orientation: 0.057639  0.57639  0.57639  0.57639
COM: 240 240  30
orientation: 0.057639  0.57639  0.57639  0.57639
COM: 240 240  60
orientation: 0.057639  0.57639  0.57639  0.57639
COM: 240 240  90
orientation: 0.057639  0.57639  0.57639  0.57639
COM: 240 240 120
orientation: 0.057639  0.57639  0.57639  0.57639
COM: 240 240 150
orientation: 0.057639  0.57639  0.57639  0.57639
COM: 240 240 180
orientation: 0.057639  0.57639  0.57639  0.57639
COM: 240 240 210
orientation: 0.057639  0.57639  0.57639  0.57639
COM: 240 240 240
orientation: 0.057639  0.57639  0.57639  0.57639
COM: 240 240 270
orientation: 0.057639  0.57639  0.57639  0.57639
COM: 240 270   0
orientation: 0.057639  0.57639  0.57639  0.57639
COM: 240 270  30
orientation: 0.057639  0.57639  0.57639  0.57639
COM: 240 270  60
orientation: 0.057639  0.57639  0.57639  0.57639
COM: 240 270  90
orientation: 0.057639  0.57639  0.57639  0.57639
COM: 240 270 120
orientation: 0.057639  0.57639  0.57639  0.57639
COM: 240 270 150
orientation: 0.057639  0.57639  0.57639  0.57639
COM: 240 270 180
orientation: 0.057639  0.57639  0.57639  0.57639
COM: 240 270 210
orientation: 0.057639  0.57639  0.57639  0.57639
COM: 240 270 240
orientation: 0.057639  0.57639  0.57639  0.57639
COM: 240 270 270
orientation: 0.057639  0.57639  0.57639  0.57639
COM: 270   0   0
orientation: 0.057639  0.57639  0.57639  0.57639
COM: 270   0  30
orientation: 0.057639  0.57639  0.57639  0.57639
COM: 270   0  60
orientation: 0.057639  0.57639  0.57639  0.57639
COM: 270   0  90
orientation: 0.057639  0.57639  0.57639  0.57639
COM: 270   0 120
orientation: 0.057639  0.57639  0.57639  0.57639
COM: 270   0 150
orientation: 0.057639  0.57639  0.57639  0.57639
COM: 270   0 180
orientation: 0.057639  0.57639  0.57639  0.57639
COM: 270   0 210
orientation: 0.057639  0.57639  0.57639  0.57639
COM: 270   0 240
orientation: 0.057639  0.57639  0.57639  0.57639
COM: 270   0 270
orientation: 0.057639  0.57639  0.57639  0.57639
COM: 270  30   0
orientation: 0.057639  0.57639  0.57639  0.57639
COM: 270  30  30
orientation: 0.057639  0.57639  0.57639  0.57639
COM: 270  30  60
orientation: 0.057639  0.57639  0.57639  0.57639
COM: 270  30  90
orientation: 0.057639  0.57639  0.57639  0.57639
COM: 270  30 120
orientation: 0.057639  0.57639  0.57639  0.57639
COM: 270  30 150
orientation: 0.057639  0.57639  0.57639  0.57639
COM: 270  30 180
orientation: 0.057639  0.57639  0.57639  0.57639
COM: 270  30 210
orientation: 0.057639  0.57639  0.57639  0.57639
COM: 270  30 240
orientation: 0.057639  0.57639  0.57639  0.57639
COM: 270  30 270
orientation: 0.057639  0.57639  0.57639  0.57639
COM: 270  60   0
orientation: 0.057639  0.57639  0.57639  0.57639
COM: 270  60  30
orientation: 0.057639  0.57639  0.57639  0.57639
COM: 270  60  60
orientation: 0.057639  0.57639  0.57639  0.57639
COM: 270  60  90
orientation: 0.057639  0.57639  0.57639  0.57639
COM: 270  60 120
orientation: 0.057639  0.57639  0.57639  0.57639
COM: 270  60 150
orientation: 0.057639  0.57639  0.57639  0.57639
COM: 270  60 180
orientation: 0.057639  0.57639  0.57639  0.57639
COM: 270  60 210
orientation: 0.057639  0.57639  0.57639  0.57639
COM: 270  60 240
orientation: 0.057639  0.57639  0.57639  0.57639
COM: 270  60 270
orientation: 0.057639  0.57639  0.57639  0.57639
COM: 270  90   0
orientation: 0.057639  0.57639  0.57639  0.57639
COM: 270  90  30
orientation: 0.057639  0.57639  0.57639  0.57639
COM: 270  90  60
orientation: 0.057639  0.57639  0.57639  0.57639
COM: 270  90  90
orientation: 0.057639  0.57639  0.57639  0.57639
COM: 270  90 120
orientation: 0.057639  0.57639  0.57639  0.57639
COM: 270  90 150
orientation: 0.057639  0.57639  0.57639  0.57639
COM: 270  90 180
orientation: 0.057639  0.57639  0.57639  0.57639
COM: 270  90 210
orientation: 0.057639  0.57639  0.57639  0.57639
COM: 270  90 240
orientation: 0.057639  0.57639  0.57639  0.57639
COM: 270  90 270
orientation: 0.057639  0.57639  0.57639  0.57639
COM: 270 120   0
orientation: 0.057639  0.57639  0.57639  0.57639
COM: 270 120  30
orientation: 0.057639  0.57639  0.57639  0.57639
COM: 270 120  60
orientation: 0.057639  0.57639  0.57639  0.57639
COM: 270 120  90
orientation: 0.057639  0.57639  0.57639  0.57639
COM: 270 120 120
orientation: 0.057639  0.57639  0.57639  0.57639
COM: 270 120 150
orientation: 0.057639  0.57639  0.57639  0.57639
COM: 270 120 180
orientation: 0.057639  0.57639  0.57639  0.57639
COM: 270 120 210
orientation: 0.057639  0.57639  0.57639  0.57639
COM: 270 120 240
orientation: 0.057639  0.57639  0.57639  0.57639
COM: 270 120 270
orientation: 0.057639  0.57639  0.57639  0.57639
COM: 270 150   0
orientation: 0.057639  0.57639  0.57639  0.57639
COM: 270 150  30
orientation: 0.057639  0.57639  0.57639  0.57639
COM: 270 150  60
orientation: 0.057639  0.57639  0.57639  0.57639
COM: 270 150  90
orientation: 0.057639  0.57639  0.57639  0.57639
COM: 270 150 120
orientation: 0.057639  0.57639  0.57639  0.57639
COM: 270 150 150
orientation: 0.057639  0.57639  0.57639  0.57639
COM: 270 150 180
orientation: 0.057639  0.57639  0.57639  0.57639
COM: 270 150 210
orientation: 0.057639  0.57639  0.57639  0.57639
COM: 270 150 240
orientation: 0.057639  0.57639  0.57639  0.57639
COM: 270 150 270
orientation: 0.057639  0.57639  0.57639  0.57639
COM: 270 180   0
orientation: 0.057639  0.57639  0.57639  0.57639
COM: 270 180  30
orientation: 0.057639  0.57639  0.57639  0.57639
COM: 270 180  60
orientation: 0.057639  0.57639  0.57639  0.57639
COM: 270 180  90
orientation: 0.057639  0.57639  0.57639  0.57639
COM: 270 180 120
orientation: 0.057639  0.57639  0.57639  0.57639
COM: 270 180 150
orientation: 0.057639  0.57639  0.57639  0.57639
COM: 270 180 180
orientation: 0.057639  0.57639  0.57639  0.57639
COM: 270 180 210
orientation: 0.057639  0.57639  0.57639  0.57639
COM: 270 180 240
orientation: 0.057639  0.57639  0.57639  0.57639
COM: 270 180 270
orientation: 0.057639  0.57639  0.57639  0.57639
COM: 270 210   0
orientation: 0.057639  0.57639  0.57639  0.57639
COM: 270 210  30
orientation: 0.057639  0.57639  0.57639  0.57639
COM: 270 210  60
orientation: 0.057639  0.57639  0.57639  0.57639
COM: 270 210  90
orientation: 0.057639  0.57639  0.57639  0.57639
COM: 270 210 120
orientation: 0.057639  0.57639  0.57639  0.57639
COM: 270 210 150
orientation: 0.057639  0.57639  0.57639  0.57639
COM: 270 210 180
orientation: 0.057639  0.57639  0.57639  0.57639
COM: 270 210 210
orientation: 0.057639  0.57639  0.57639  0.57639
COM: 270 210 240
orientation: 0.057639  0.57639  0.57639  0.57639
COM: 270 210 270
orientation: 0.057639  0.57639  0.57639  0.57639
COM: 270 240   0
orientation: 0.057639  0.57639  0.57639  0.57639
COM: 270 240  30
orientation: 0.057639  0.57639  0.57639  0.57639
COM: 270 240  60
orientation: 0.057639  0.57639  0.57639  0.57639
COM: 270 240  90
orientation: 0.057639  0.57639  0.57639  0.57639
COM: 270 240 120
orientation: 0.057639  0.57639  0.57639  0.57639
COM: 270 240 150
orientation: 0.057639  0.57639  0.57639  0.57639
COM: 270 240 180
orientation: 0.057639  0.57639  0.57639  0.57639
COM: 270 240 210
orientation: 0.057639  0.57639  0.57639  0.57639
COM: 270 240 240
orientation: 0.057639  0.57639  0.57639  0.57639
COM: 270 240 270
orientation: 0.057639  0.57639  0.57639  0.57639
COM: 270 270   0
orientation: 0.057639  0.57639  0.57639  0.57639
COM: 270 270  30
orientation: 0.057639  0.57639  0.57639  0.57639
COM: 270 270  60
orientation: 0.057639  0.57639  0.57639  0.57639
COM: 270 270  90
orientation: 0.057639  0.57639  0.57639  0.57639
COM: 270 270 120
orientation: 0.057639  0.57639  0.57639  0.57639
COM: 270 270 150
orientation: 0.057639  0.57639  0.57639  0.57639
COM: 270 270 180
orientation: 0.057639  0.57639  0.57639  0.57639
COM: 270 270 210
orientation: 0.057639  0.57639  0.57639  0.57639
COM: 270 270 240
orientation: 0.057639  0.57639  0.57639  0.57639
COM: 270 270 270
orientation: 0.057639  0.57639  0.57639  0.57639
[polyscope] Backend: openGL3_glfw -- Loaded openGL version: 4.6 (Core Profile) Mesa 24.3.4
FPS: 395.89
FPS: 263.782
FPS: 236.027
FPS: 238.697
FPS: 250.326
FPS: 246.635
FPS: 288.558
FPS: 284.334
FPS: 231.595
FPS: 339.566
FPS: 305.258
FPS: 294.195
FPS: 297.231
FPS: 314.662
FPS: 307.346
FPS: 134.082
FPS: 132.5
FPS: 124.682
FPS: 124.46
FPS: 151.816
FPS: 295.48
FPS: 182.539
FPS: 308.481
FPS: 356.799
FPS: 160.347
FPS: 156.811
FPS: 166.2
FPS: 158.962
FPS: 159.468
FPS: 198.236
FPS: 145.853
FPS: 199.985
FPS: 258.62
FPS: 318.398
FPS: 303.371
FPS: 307.169
FPS: 299.392
FPS: 146.761
FPS: 141.932
FPS: 257.25
FPS: 143.95
FPS: 138.116
FPS: 144.631
FPS: 199.62
FPS: 255.412
FPS: 247.277
FPS: 252.752
FPS: 250.934
FPS: 252.132
FPS: 260.449
FPS: 251.632
FPS: 134.846
FPS: 125.421
FPS: 197.411
FPS: 305.887
FPS: 346.214
FPS: 364.337
FPS: 145.202
FPS: 213.891
FPS: 303.915
FPS: 370.243
FPS: 331.502
FPS: 124.508
FPS: 213.36
FPS: 335.658
FPS: 333.568
FPS: 314.165
FPS: 337.097
FPS: 333.329
FPS: 136.268
FPS: 133.659
FPS: 139.697
FPS: 278.652
FPS: 310.789
FPS: 314.37
FPS: 147.243
FPS: 230.154
FPS: 284.248
FPS: 114.935
FPS: 236.033
FPS: 304.584
FPS: 142.84
FPS: 213.192
FPS: 299.851
FPS: 121.3
FPS: 220.693
FPS: 277.28
FPS: 173.464
FPS: 290.511
FPS: 299.787
FPS: 309.152
FPS: 301.307
FPS: 315.826
FPS: 315.128
FPS: 310.445
FPS: 323.182
FPS: 124.616
FPS: 110.66
FPS: 122.507
FPS: 287.469
FPS: 317.512
FPS: 317.145
FPS: 316.877
FPS: 320.045
FPS: 335.566
FPS: 316.297
FPS: 304.223
FPS: 128.909
FPS: 121.25
FPS: 197.516
FPS: 326.936
FPS: 328.383
FPS: 318.291
FPS: 328.896
FPS: 305.255
FPS: 316.768
FPS: 122.941
FPS: 139.414
FPS: 284.41
FPS: 282.233
FPS: 311.519
FPS: 292.082
FPS: 309.744
FPS: 271.098
FPS: 299.62
FPS: 297.434
FPS: 117.829
FPS: 148.375
FPS: 283.179
FPS: 271.598
FPS: 287.971
FPS: 314.318
FPS: 282.711
FPS: 190.131
FPS: 281.149
FPS: 283.065
FPS: 281.442
FPS: 293.292
FPS: 115.548
FPS: 120.36
FPS: 246.077
FPS: 254.256
FPS: 290.15
FPS: 298.459
FPS: 105.74
FPS: 220.701
FPS: 301.347
FPS: 301.372
FPS: 305.644
FPS: 308.635
FPS: 293.895
FPS: 282.325
FPS: 287.375
FPS: 113.338
FPS: 134.158
FPS: 261.772
FPS: 283.37
FPS: 285.441
FPS: 279.396
FPS: 273.205
FPS: 105.973
FPS: 183.832
FPS: 224.252
FPS: 273.82
FPS: 274.347
FPS: 289.56
FPS: 296.276
FPS: 118.739
FPS: 212.181
FPS: 216.262
FPS: 215.937
FPS: 207.211
FPS: 216.412
FPS: 98.5437
FPS: 91.9993
FPS: 153.041
FPS: 303.072
FPS: 306.064
FPS: 295.388
FPS: 303.566
FPS: 170.366
FPS: 300.636
FPS: 286.908
FPS: 156.383
FPS: 246.703
FPS: 295.806
FPS: 300.18
FPS: 299.189
FPS: 293.933
FPS: 102.458
FPS: 92.3592
FPS: 92.4056
FPS: 186.046
FPS: 287.588
FPS: 253.429
FPS: 270.686
FPS: 271.935
FPS: 278.181
FPS: 156.802
FPS: 255.945
FPS: 263.776
FPS: 93.0474
FPS: 121.407
FPS: 213.12
FPS: 251.918
FPS: 266.048
FPS: 270.689
FPS: 272.876
FPS: 260.518
FPS: 260.932
FPS: 251.766
FPS: 257.987
FPS: 251.933
FPS: 84.1619
FPS: 83.972
FPS: 146.66
FPS: 258.071
FPS: 251.496
FPS: 255.79
FPS: 250.423
FPS: 264.246
FPS: 265.644
FPS: 140.496
FPS: 261.082
FPS: 247.39
FPS: 251.077
FPS: 89.0911
FPS: 86.4166
FPS: 178.669
FPS: 251.487
FPS: 232.799
FPS: 245.595
FPS: 249.635
FPS: 243.732
FPS: 234.288
FPS: 225.408
FPS: 246.6
FPS: 205.339
FPS: 233.607
FPS: 230.444
FPS: 75.6421
FPS: 144.36
FPS: 208.498
FPS: 241.567
FPS: 233.414
FPS: 247.846
FPS: 232.423
FPS: 233.052
FPS: 215.099
FPS: 134.945
FPS: 234.354
FPS: 227.785
FPS: 230.721
FPS: 229.164
FPS: 220.529
FPS: 225.9
FPS: 222.588
FPS: 226.521
FPS: 217.427
FPS: 226.739
FPS: 77.8169
FPS: 98.5949
FPS: 177.873
FPS: 224.777
FPS: 214.131
FPS: 218.393
FPS: 224.559
FPS: 220.084
FPS: 229.647
FPS: 218.944
FPS: 129.004
FPS: 221.46
FPS: 212.525
FPS: 219.832
FPS: 86.8576
FPS: 173.935
FPS: 187.901
FPS: 221.053
FPS: 211.18
FPS: 213.599
FPS: 193.912
FPS: 222.496
FPS: 112.397
FPS: 193.571
FPS: 208.07
FPS: 196.985
FPS: 208.566
FPS: 70.955
FPS: 133.908
FPS: 193.175
FPS: 199.312
FPS: 194.008
FPS: 203.535
FPS: 202.34
FPS: 103.039
FPS: 183.409
FPS: 200.872
FPS: 113.755
FPS: 191.23
FPS: 187.681
FPS: 191.254
FPS: 184.43
FPS: 120.607
FPS: 197.59
FPS: 94.3173
FPS: 152.73
FPS: 161.963
FPS: 167.395
FPS: 188.837
FPS: 104.081
FPS: 182.124
FPS: 191.323
FPS: 193.714
FPS: 87.2468
FPS: 146.42
FPS: 172.756
FPS: 177.286
FPS: 158.733
FPS: 99.6681
FPS: 157.167
FPS: 168.645
FPS: 101.756
FPS: 171.76
FPS: 180.432
FPS: 172.625
FPS: 105.339
FPS: 158.622
FPS: 97.6628
FPS: 181.473
FPS: 179.314
FPS: 109.472
FPS: 181.218
FPS: 185.147
FPS: 183.108
FPS: 185.872
FPS: 186.278
FPS: 188.671
FPS: 185.731
FPS: 69.974
FPS: 138.588
FPS: 173.015
FPS: 173.446
FPS: 165.799
FPS: 178.528
FPS: 164.993
FPS: 169.648
FPS: 175.574
FPS: 169.714
FPS: 173.262
FPS: 171.975
FPS: 178.405
FPS: 55.3402
FPS: 78.5336
FPS: 108.889
FPS: 129.32
FPS: 164.908
FPS: 175.356
FPS: 182.974
FPS: 186.116
FPS: 193.657
FPS: 185.696
FPS: 194.275
FPS: 203.514
FPS: 199.526
FPS: 187.877
FPS: 185.265
FPS: 99.6311
FPS: 171.728
FPS: 182.95
FPS: 182.591
FPS: 179.751
FPS: 186.134
FPS: 175.968
FPS: 185.195
FPS: 57.6541
FPS: 95.9587
FPS: 189.943
FPS: 194.225
FPS: 203.03
FPS: 187.249
FPS: 209.413
FPS: 195.455
FPS: 218.388
FPS: 210.358
FPS: 211.703
FPS: 209.913
FPS: 201.169
FPS: 203.418
FPS: 201.089
FPS: 203.38
FPS: 200.038
FPS: 202.539
FPS: 198.084
FPS: 74.1685
FPS: 148.36
FPS: 199.016
FPS: 188.555
FPS: 201.082
FPS: 201.324
FPS: 200.474
FPS: 207.144
FPS: 209.867
FPS: 116.592
FPS: 206.589
FPS: 202.533
FPS: 211.521
FPS: 213.452
FPS: 217.788
FPS: 215.751
FPS: 213.056
FPS: 76.6693
FPS: 155.14
FPS: 134.077
FPS: 205.776
FPS: 222.285
FPS: 225.525
FPS: 78.4367
FPS: 143.227
FPS: 224.276
FPS: 228.992
FPS: 212.153
FPS: 224.672
FPS: 210.68
FPS: 231.441
FPS: 235.226
FPS: 112.077
FPS: 213.32
FPS: 226.474
FPS: 233.583
FPS: 228.68
FPS: 234.847
FPS: 73.6407
FPS: 72.0868
FPS: 153.152
FPS: 218.496
FPS: 229.599
FPS: 224.96
FPS: 249.481
FPS: 264.473
FPS: 263.572
FPS: 276.679
FPS: 257.787
FPS: 276.82
FPS: 84.6787
FPS: 145.043
FPS: 227.912
FPS: 240.46
FPS: 246.249
FPS: 241.009
FPS: 216.442
FPS: 89.0164
FPS: 177.988
FPS: 226.649
FPS: 243.379
FPS: 242.825
FPS: 246.185
FPS: 252.23
FPS: 250.631
FPS: 252.186
FPS: 241.668
FPS: 258.17
FPS: 80.2126
FPS: 139.227
FPS: 264.263
FPS: 262.721
FPS: 263.823
FPS: 242.009
FPS: 260.087
FPS: 248.18
FPS: 264.456
FPS: 236.081
FPS: 143.558
FPS: 243.406
FPS: 245.183
FPS: 238.573
FPS: 236.483
FPS: 260.842
FPS: 258.526
FPS: 285.507
FPS: 282.308
FPS: 272.372
FPS: 277.241
FPS: 256.04
FPS: 283.401
FPS: 256.547
FPS: 274.002
FPS: 277.071
FPS: 267.156
FPS: 94.1677
FPS: 104.304
FPS: 200.818
FPS: 255.2
FPS: 265.777
FPS: 267.986
FPS: 268.773
FPS: 271.537
FPS: 157.835
FPS: 269.538
FPS: 257.231
FPS: 267.933
FPS: 260.438
FPS: 92.5691
FPS: 164.039
FPS: 234.806
FPS: 276.811
FPS: 274.691
FPS: 269.802
FPS: 267.909
FPS: 259.583
FPS: 253.127
FPS: 264.672
FPS: 260.114
FPS: 264.803
FPS: 261.341
FPS: 90.8574
FPS: 110.961
FPS: 206.228
FPS: 234.276
FPS: 251.162
FPS: 269.481
FPS: 266.852
FPS: 276.229
FPS: 273.03
FPS: 269.834
FPS: 278.889
FPS: 103.543
FPS: 218.246
FPS: 270.151
FPS: 278.992
FPS: 279.403
FPS: 277.732
FPS: 280.11
FPS: 277.518
FPS: 278.699
FPS: 85.7508
FPS: 140.791
FPS: 297.999
FPS: 289.66
FPS: 286.419
FPS: 281.543
FPS: 243.573
FPS: 239.606
FPS: 280.766
FPS: 148.694
FPS: 140.057
FPS: 149.115
FPS: 190.889
FPS: 238.354
FPS: 105.954
FPS: 210.829
FPS: 264.905
FPS: 278.596
FPS: 238.778
FPS: 97.0259
FPS: 99.3978
FPS: 197.435
FPS: 284.694
FPS: 262.629
FPS: 141.952
FPS: 264.408
FPS: 283.948
FPS: 283.568
FPS: 121.8
FPS: 240.807
FPS: 278.654
FPS: 280.987
FPS: 277.585
FPS: 113.896
FPS: 244.577
FPS: 285.557
FPS: 154.245
FPS: 279.57
FPS: 119.176
FPS: 242.453
FPS: 283.381
FPS: 107.793
FPS: 251.228
FPS: 278.903
FPS: 288.113
FPS: 290.711
FPS: 283.962
FPS: 286.331
FPS: 94.0132
FPS: 185.688
FPS: 286.848
FPS: 284.946
FPS: 291.083
FPS: 285.752
FPS: 288.797
FPS: 275.217
FPS: 288.459
FPS: 282.72
FPS: 100.703
FPS: 172.838
FPS: 286.848
FPS: 288.74
FPS: 286.594
FPS: 150.164
FPS: 167.937
FPS: 293.676
FPS: 255.784
FPS: 100.01
FPS: 202.853
FPS: 288.847
FPS: 324.15
FPS: 269.648
FPS: 298.683
FPS: 250.571
FPS: 295.5
FPS: 260.624
FPS: 295.359
FPS: 297.864
FPS: 100.032
FPS: 151.129
FPS: 265.741
FPS: 290.211
FPS: 244.528
FPS: 289.043
FPS: 286.17
FPS: 281.721
FPS: 295.137
FPS: 278.353
FPS: 291.934
FPS: 106.445
FPS: 214.496
FPS: 284.307
FPS: 277.957
FPS: 292.43
FPS: 285.133
FPS: 293.527
FPS: 257.093
FPS: 291.509
FPS: 281.919
FPS: 284.061
FPS: 96.6126
FPS: 135.787
FPS: 253.953
FPS: 259.824
FPS: 293.047
FPS: 263.223
FPS: 301.308
FPS: 297.874
FPS: 168.037
FPS: 289.875
FPS: 288.892
FPS: 103.973
FPS: 204.733
FPS: 292.094
FPS: 284.332
FPS: 290.386
FPS: 298.426
FPS: 165.131
FPS: 253.937
FPS: 267.965
FPS: 299.738
FPS: 246.255
FPS: 294.45
FPS: 297.585
FPS: 98.0606
FPS: 141.822
FPS: 233.846
FPS: 298.681
FPS: 285.804
FPS: 293.649
FPS: 278.232
FPS: 295.854
FPS: 167.739
FPS: 290.181
FPS: 298.173
FPS: 271.618
FPS: 300.705
FPS: 103.209
FPS: 180.827
FPS: 300.557
FPS: 286.539
FPS: 267.274
FPS: 283.904
FPS: 300.822
FPS: 291.847
FPS: 299.475
FPS: 292.475
FPS: 292.643
FPS: 298.053
FPS: 281.907
FPS: 301.513
FPS: 291.111
FPS: 306.116
FPS: 305.375
FPS: 101.586
FPS: 113.038
FPS: 231.559
FPS: 301.148
FPS: 150.282
FPS: 285.082
FPS: 303.313
FPS: 312.603
FPS: 303.395
FPS: 301.455
FPS: 112.009
FPS: 227.865
FPS: 302.18
FPS: 150.756
FPS: 158.711
FPS: 108.016
FPS: 159.361
FPS: 300.9
FPS: 294.954
FPS: 308.862
FPS: 171.939
FPS: 304.964
FPS: 303.433
FPS: 129.692
FPS: 260.722
FPS: 309.885
FPS: 167.642
FPS: 289.236
FPS: 189.935
FPS: 108.678
FPS: 212.309
FPS: 306.785
FPS: 102.308
FPS: 207.82
FPS: 195.986
FPS: 213.765
FPS: 285.609
FPS: 305.115
FPS: 254.29
FPS: 305.078
FPS: 122.34
FPS: 200.248
FPS: 304.962
FPS: 295.731
FPS: 305.291
FPS: 110.046
FPS: 201.863
FPS: 292.127
FPS: 309.859
FPS: 306.564
FPS: 168.483
FPS: 315.957
FPS: 286.246
FPS: 101.971
FPS: 97.017
FPS: 95.6491
FPS: 187.382
FPS: 296.668
FPS: 300.447
FPS: 280.445
FPS: 306.379
FPS: 257.136
FPS: 302.151
FPS: 307.913
FPS: 294.967
FPS: 303.885
FPS: 108.226
FPS: 114.513
FPS: 209.084
FPS: 312.022
FPS: 266.043
FPS: 299.319
FPS: 303.949
FPS: 302.197
FPS: 304.974
FPS: 287.151
FPS: 102.665
FPS: 146.001
FPS: 155.314
FPS: 195.838
FPS: 308.947
FPS: 313.999
FPS: 163.082
FPS: 296.553
FPS: 298.587
FPS: 309.675
FPS: 315.036
FPS: 311.969
FPS: 311.71
FPS: 108.723
FPS: 137.033
FPS: 272.352
FPS: 343.001
FPS: 312.821
FPS: 314.318
FPS: 318.03
FPS: 310.602
FPS: 317.601
FPS: 128.512
FPS: 265.476
FPS: 259.857
FPS: 108.006
FPS: 103.945
FPS: 97.138
FPS: 212.214
FPS: 315.025
FPS: 316.594
FPS: 310.324
FPS: 322.298
FPS: 327.73
FPS: 138.03
FPS: 277.611
FPS: 311.349
FPS: 133.571
FPS: 217.731
FPS: 327.513
FPS: 125.802
FPS: 261.727
FPS: 314.622
FPS: 310.515
FPS: 116.716
FPS: 216.672
FPS: 304.668
FPS: 295.43
FPS: 306.809
FPS: 138.815
FPS: 118.421
FPS: 252.896
FPS: 305.619
FPS: 107.774
FPS: 101.766
FPS: 169.107
FPS: 300.871
FPS: 315.122
FPS: 308.703
FPS: 306.962
FPS: 305.224
FPS: 298.845
FPS: 307.909
FPS: 268.241
FPS: 313.259
FPS: 101.272
FPS: 111.086
FPS: 246.787
FPS: 307.813
FPS: 315.125
FPS: 299.501
FPS: 287.835
FPS: 287.8
FPS: 309.961
FPS: 314.638
FPS: 308.546
FPS: 313.473
FPS: 108.488
FPS: 192.764
FPS: 303.772
FPS: 150.054
FPS: 276.081
FPS: 306.885
FPS: 315.814
FPS: 301.606
FPS: 108.845
FPS: 185.519
FPS: 315.019
FPS: 314.24
FPS: 150.114
FPS: 295.377
FPS: 316.578
FPS: 156.368
FPS: 242.276
FPS: 114.757
FPS: 144.623
FPS: 292.842
FPS: 322.133
FPS: 311.833
FPS: 313.936
FPS: 115.654
FPS: 231.083
FPS: 293.753
FPS: 313.441
FPS: 318.468
FPS: 320.525
FPS: 310.84
FPS: 106.65
FPS: 203.79
FPS: 304.424
FPS: 152.282
FPS: 296.419
FPS: 315.416
FPS: 315.794
FPS: 315.928
FPS: 313.728
FPS: 124.357
FPS: 254.664
FPS: 314.118
FPS: 155.342
FPS: 164.395
FPS: 167.128
FPS: 169.456
FPS: 166.704
FPS: 166.308
FPS: 164.434
FPS: 164.947
FPS: 217.202
FPS: 267.526
FPS: 323.171
FPS: 303.403
FPS: 109.687
FPS: 152.598
FPS: 321.487
FPS: 334.039
FPS: 324.485
FPS: 312.934
FPS: 323.955
FPS: 298.519
FPS: 312.912
FPS: 265.12
FPS: 326.626
FPS: 322.546
FPS: 115.023
FPS: 211.156
FPS: 213.632
FPS: 226.481
FPS: 285.935
FPS: 327.259
FPS: 313.655
FPS: 327.949
FPS: 331.489
FPS: 311.068
FPS: 321.62
FPS: 107.135
FPS: 107.468
FPS: 233.58
FPS: 317.418
FPS: 316.461
FPS: 324.15
FPS: 321.286
FPS: 316.244
FPS: 330.363
FPS: 326.858
FPS: 113.175
FPS: 226.139
FPS: 222.971
FPS: 226.878
FPS: 258.674
FPS: 341.012
FPS: 117.973
FPS: 221.64
FPS: 323.305
FPS: 184.564
FPS: 326.064
FPS: 311.09
FPS: 139.88
FPS: 230.257
FPS: 318.226
FPS: 112.717
FPS: 96.4829
FPS: 166.5
FPS: 321.768
FPS: 322.139
FPS: 305.085
FPS: 314.88
FPS: 313.113
FPS: 310.784
FPS: 315.414
FPS: 312.379
FPS: 317.156
FPS: 111.235
FPS: 224.222
FPS: 198.706
FPS: 217.927
FPS: 215.459
FPS: 219.236
FPS: 112.306
FPS: 222.058
FPS: 320.125
FPS: 318.4
FPS: 324.55
FPS: 323.474
FPS: 323.2
FPS: 283.896
FPS: 88.6097
FPS: 106.52
FPS: 223.125
FPS: 333.357
FPS: 315.071
FPS: 323.158
FPS: 323.254
FPS: 323.839
FPS: 328.271
FPS: 325.963
FPS: 189.805
FPS: 120.819
FPS: 255.642
FPS: 305.869
FPS: 314.975
FPS: 322.145
FPS: 180.618
FPS: 105.118
FPS: 109.132
FPS: 185.737
FPS: 308.856
FPS: 308.327
FPS: 321.967
FPS: 301.778
FPS: 327.73
FPS: 184.26
FPS: 122.223
FPS: 242.581
FPS: 321.127
FPS: 316.078
FPS: 315.866
FPS: 318.236
FPS: 314.762
FPS: 317.021
FPS: 314.124
FPS: 319.408
FPS: 109.295
FPS: 105.23
FPS: 225.557
FPS: 320.649
FPS: 321.502
FPS: 318.481
FPS: 323.073
FPS: 311.867
FPS: 322.865
FPS: 323.483
FPS: 319.895
FPS: 323.004
FPS: 322.048
FPS: 105.173
FPS: 146.979
FPS: 281.931
FPS: 313.234
FPS: 321.261
FPS: 269.773
FPS: 339.178
FPS: 318.696
FPS: 328.406
FPS: 114.442
FPS: 113.273
FPS: 230.332
FPS: 237.113
FPS: 275.257
FPS: 279.214
FPS: 125.93
FPS: 227.14
FPS: 324.88
FPS: 140.492
FPS: 267.899
FPS: 279.622
FPS: 269.665
FPS: 280.941
FPS: 114.03
FPS: 131.507
FPS: 272.173
FPS: 252.561
FPS: 282.566
FPS: 290.846
FPS: 329.006
FPS: 266.935
FPS: 282.441
FPS: 328.536
FPS: 322.331
FPS: 314.022
FPS: 116.527
FPS: 124.313
FPS: 226.377
FPS: 156.783
FPS: 260.54
FPS: 327.511
FPS: 324.663
FPS: 312.004
FPS: 117.093
FPS: 241.496
FPS: 326.792
FPS: 264.482
FPS: 321.455
FPS: 283.475
FPS: 118.807
FPS: 205.731
FPS: 209.285
FPS: 226.853
FPS: 262.415
FPS: 110.198
FPS: 231.463
FPS: 332.715
FPS: 321.779
FPS: 309.709
FPS: 329.692
FPS: 315.42
FPS: 321.933
FPS: 334.596
FPS: 331.3
FPS: 324.576
FPS: 315.022
FPS: 116.567
FPS: 107.964
FPS: 153.286
FPS: 298.838
FPS: 330.18
FPS: 178.135
FPS: 310.657
FPS: 332.116
FPS: 325.071
FPS: 326.705
FPS: 268.7
FPS: 108.847
FPS: 139.334
FPS: 273.922
FPS: 317.662
FPS: 322.261
FPS: 315.954
FPS: 324.069
FPS: 320.29
FPS: 112.463
FPS: 217.489
FPS: 302.922
FPS: 316.991
FPS: 324.143
FPS: 323.696
FPS: 267.36
FPS: 109.648
FPS: 206.788
FPS: 283.785
FPS: 322.236
FPS: 262.143
FPS: 177.205
FPS: 266.814
FPS: 122.614
FPS: 266.327
FPS: 307.358
FPS: 124.156
FPS: 269.02
FPS: 326.937
FPS: 115.028
FPS: 109.713
FPS: 231.109
FPS: 316.583
FPS: 322.975
FPS: 314.673
FPS: 168.635
FPS: 186.782
FPS: 322.911
FPS: 319.608
FPS: 321.88
FPS: 98.3989
FPS: 133.749
FPS: 160.055
FPS: 180.764
FPS: 300.847
FPS: 336.547
FPS: 330.297
FPS: 330.681
FPS: 180.58
FPS: 331.66
FPS: 306.538
FPS: 326.98
FPS: 114.979
FPS: 203.046
FPS: 326.108
FPS: 156.806
FPS: 306.925
FPS: 320.546
FPS: 332.741
FPS: 143.714
FPS: 286.353
FPS: 323.42
FPS: 113.17
FPS: 226.505
FPS: 153.237
FPS: 303.494
FPS: 324.636
FPS: 129.975
FPS: 221.257
FPS: 321.356
FPS: 326.458
FPS: 315.102
FPS: 119.144
FPS: 151.252
FPS: 303.594
FPS: 334.928
FPS: 334.312
FPS: 331.69
FPS: 114.647
FPS: 187.266
FPS: 307.861
FPS: 322.855
FPS: 323.507
FPS: 115.143
FPS: 112.304
FPS: 238.811
FPS: 318.862
FPS: 306.322
FPS: 106.87
FPS: 215.173
FPS: 322.432
FPS: 173.219
FPS: 162.159
FPS: 175.515
FPS: 164.689
FPS: 177.285
FPS: 213.763
FPS: 283.706
FPS: 317.24
FPS: 331.803
FPS: 113.441
FPS: 131.227
FPS: 282.887
FPS: 349.809
FPS: 325.239
FPS: 318.672
FPS: 318.706
FPS: 322.539
FPS: 167.652
FPS: 126.684
FPS: 300.623
FPS: 327.915
FPS: 332.828
FPS: 124.259
FPS: 154.682
FPS: 302.651
FPS: 318.394
FPS: 130.147
FPS: 269.741
FPS: 328.725
FPS: 329.044
FPS: 140.941
FPS: 228.783
FPS: 330.05
FPS: 143.059
FPS: 225.28
FPS: 130.501
FPS: 142.431
FPS: 231.017
FPS: 132.617
FPS: 262.901
FPS: 335.763
FPS: 317.218
FPS: 340.005
FPS: 331.008
FPS: 119.157
FPS: 231.515
FPS: 279.446
FPS: 320.498
FPS: 325.872
FPS: 329.567
FPS: 321.603
FPS: 324.805
FPS: 317.055
FPS: 112.441
FPS: 106.531
FPS: 231.987
FPS: 321.262
FPS: 318.68
FPS: 332.042
FPS: 333.404
FPS: 109.112
FPS: 107.463
FPS: 159.94
FPS: 302.816
FPS: 312.868
FPS: 133.392
FPS: 227.742
FPS: 321.825
FPS: 329.34
FPS: 112.008
FPS: 106.291
FPS: 121.689
FPS: 272.087
FPS: 284.279
FPS: 328.42
FPS: 294.855
FPS: 351.205
FPS: 182.865
FPS: 282.244
FPS: 340.853
FPS: 325.117
FPS: 333.546
FPS: 324.778
FPS: 115.36
FPS: 135.901
FPS: 159.644
FPS: 309.855
FPS: 330.176
FPS: 331.833
FPS: 326.379
FPS: 334.104
FPS: 332.171
FPS: 114.779
FPS: 176.854
FPS: 329.519
FPS: 340.783
FPS: 331.831
FPS: 131.878
FPS: 207.035
FPS: 226.597
FPS: 234.957
FPS: 115.27
FPS: 144.838
FPS: 163.437
FPS: 317.788
FPS: 272.084
FPS: 125.77
FPS: 272.024
FPS: 304.027
FPS: 319.366
FPS: 172.25
FPS: 175.397
FPS: 173.111
FPS: 177.948
FPS: 172.261
FPS: 170.883
FPS: 175.222
FPS: 168.569
FPS: 170.744
FPS: 216.965
FPS: 223.7
FPS: 116.665
FPS: 201.506
FPS: 315.108
FPS: 321.149
FPS: 327.802
FPS: 318.007
FPS: 323.971
FPS: 306.167
FPS: 322.472
FPS: 107.275
FPS: 203.586
FPS: 327.093
FPS: 312.488
FPS: 113.341
FPS: 113.282
FPS: 232.87
FPS: 313.029
FPS: 331.4
FPS: 321.503
FPS: 180.114
FPS: 312.944
FPS: 319.376
FPS: 328.147
FPS: 320.019
FPS: 114.267
FPS: 125.871
FPS: 279.746
FPS: 324.852
FPS: 325.187
FPS: 325.742
FPS: 166.943
FPS: 280.353
FPS: 324.06
FPS: 329.007
FPS: 330.824
FPS: 114.519
FPS: 160.517
FPS: 307.278
FPS: 334.148
FPS: 170.558
FPS: 359.36
FPS: 325.315
FPS: 128.825
FPS: 271.15
FPS: 330.676
FPS: 327.395
FPS: 319.823
FPS: 353.547
FPS: 117.311
FPS: 184.243
FPS: 271.094
FPS: 321.126
FPS: 112.094
FPS: 191.428
FPS: 326.03
FPS: 320.692
FPS: 326.071
FPS: 182.245
FPS: 277.504
FPS: 116.326
FPS: 224.349
FPS: 253.272
FPS: 359.632
FPS: 349.953
FPS: 335.779
FPS: 341.346
FPS: 345.526
FPS: 323.974
FPS: 277.335
FPS: 105.581
FPS: 197.3
FPS: 138.133
FPS: 291.175
FPS: 317.873
FPS: 315.899
FPS: 164.197
FPS: 308.562
FPS: 257.759
FPS: 120.039
FPS: 201.737
FPS: 310.596
FPS: 316.624
FPS: 303.493
FPS: 308.802
FPS: 324.104
FPS: 115.361
FPS: 114.154
FPS: 210.956
FPS: 270.497
FPS: 340.401
FPS: 333.145
FPS: 332.892
FPS: 334.077
FPS: 322.901
FPS: 329.123
FPS: 112.328
FPS: 216.828
FPS: 325.471
FPS: 318.061
FPS: 327.606
FPS: 262.791
FPS: 115.19
FPS: 134.32
FPS: 284.775
FPS: 320.226
FPS: 320.406
FPS: 298.63
FPS: 279.17
FPS: 322.069
FPS: 280.128
FPS: 118.618
FPS: 215.951
FPS: 333.731
FPS: 331.913
FPS: 320.739
FPS: 334.471
FPS: 323.702
FPS: 292.252
FPS: 112.571
FPS: 102.899
FPS: 127.807
FPS: 271.105
FPS: 323.8
FPS: 326.69
FPS: 335.053
FPS: 332.882
FPS: 241.067
FPS: 240.19
FPS: 332.338
FPS: 337.613
FPS: 129.09
FPS: 225.912
FPS: 322.972
FPS: 328.258
FPS: 323.848
FPS: 119.832
FPS: 249.835
FPS: 326.668
FPS: 325.885
FPS: 330.006
FPS: 330.68
FPS: 120.705
FPS: 110.633
FPS: 156.479
FPS: 280.253
FPS: 354.817
FPS: 348.491
FPS: 334.501
FPS: 312.833
FPS: 332.564
FPS: 167.283
FPS: 311.419
FPS: 309.998
FPS: 336.792
FPS: 335.379
FPS: 112.688
FPS: 234.34
FPS: 311.983
FPS: 331.767
FPS: 316.475
FPS: 130.303
FPS: 247.319
FPS: 109.249
FPS: 212.275
FPS: 319.853
FPS: 160.246
FPS: 285.853
FPS: 338.123
FPS: 322.582
FPS: 130.217
FPS: 281.995
FPS: 325.381
FPS: 328.492
FPS: 275.301
FPS: 320.875
FPS: 210.524
FPS: 241.907
FPS: 231.593
FPS: 232.028
FPS: 290.688
FPS: 332.524
FPS: 337.832
FPS: 119.33
FPS: 121.511
FPS: 282.701
FPS: 329.757
FPS: 337.553
FPS: 323.239
FPS: 332.319
FPS: 320.856
FPS: 328.608
FPS: 115.594
FPS: 207.352
FPS: 310.908
FPS: 308
FPS: 321.617
FPS: 301.971
FPS: 328.898
FPS: 314.311
FPS: 321.168
FPS: 324.541
FPS: 324.586
FPS: 332.531
FPS: 314.374
FPS: 330.301
FPS: 326.331
FPS: 317.597
FPS: 329.515
FPS: 331.052
FPS: 317.914
FPS: 308.074
FPS: 308.446
FPS: 301.597
FPS: 222.133
FPS: 174.645
FPS: 164.736
FPS: 174.036
FPS: 164.898
FPS: 178.115
FPS: 172.247
FPS: 151.406
FPS: 224.962
FPS: 279.648
FPS: 327.765
FPS: 321.115
FPS: 329.811
FPS: 317.086
FPS: 324.123
FPS: 278.77
FPS: 110.124
FPS: 116.83
FPS: 273.178
FPS: 329.455
FPS: 167.95
FPS: 307.154
FPS: 331.183
FPS: 332.639
FPS: 285.298
FPS: 315.834
FPS: 106.644
FPS: 111.984
FPS: 223.939
FPS: 345.155
FPS: 317.792
FPS: 322.035
FPS: 319.394
FPS: 316.348
FPS: 316.211
FPS: 314.478
FPS: 116.779
FPS: 235.77
FPS: 309.855
FPS: 326.052
FPS: 286.917
FPS: 113.245
FPS: 190.169
FPS: 308.833
FPS: 345.167
FPS: 335.295
FPS: 334.251
FPS: 338.245
FPS: 336.304
FPS: 307.481
FPS: 321.927
FPS: 326.547
FPS: 331.611
FPS: 263.82
FPS: 338.921
FPS: 112.633
FPS: 113.823
FPS: 216.246
FPS: 218.657
FPS: 275.447
FPS: 291.779
FPS: 329.446
FPS: 180.016
FPS: 273.439
FPS: 328.693
FPS: 316.999
FPS: 115.062
FPS: 113.15
FPS: 221.9
FPS: 214.467
FPS: 329.805
FPS: 329.793
FPS: 323.11
FPS: 326.494
FPS: 321.948
FPS: 325.992
FPS: 325.116
FPS: 324.247
FPS: 327.425
FPS: 316.968
FPS: 114.038
FPS: 108.643
FPS: 210.474
FPS: 325.133
FPS: 329.239
FPS: 321.786
FPS: 321.525
FPS: 329.262
FPS: 317.893
FPS: 327.115
FPS: 326.847
FPS: 338.62
FPS: 332.456
FPS: 244.098
FPS: 249.954
FPS: 244.897
FPS: 255.474
FPS: 248.514
FPS: 254.389
FPS: 257.153
FPS: 251.103
FPS: 154.874
FPS: 129.472
FPS: 131.199
FPS: 188.332
FPS: 295.833
FPS: 338.591
FPS: 329.302
FPS: 346.24
FPS: 328.378
FPS: 115.847
FPS: 134.083
FPS: 230.761
FPS: 357.032
FPS: 330.274
FPS: 317.131
FPS: 337.695
FPS: 324.352
FPS: 177.115
FPS: 335.376
FPS: 350.57
FPS: 341.258
FPS: 285.614
FPS: 340.789
FPS: 338.405
FPS: 335.552
FPS: 330.873
FPS: 317.341
FPS: 113.809
FPS: 126.65
FPS: 256.967
FPS: 272.647
FPS: 283.159
FPS: 344.251
FPS: 326.711
FPS: 336.831
FPS: 311.809
FPS: 335.357
FPS: 331.375
FPS: 338.065
FPS: 329.638
FPS: 341.83
FPS: 339.036
FPS: 329.576
FPS: 114.49
FPS: 104.534
FPS: 102.93
FPS: 212.634
FPS: 333.275
FPS: 346.745
FPS: 297.814
FPS: 326.788
FPS: 269.163
FPS: 276.501
FPS: 297.635
FPS: 326.392
FPS: 328.55
FPS: 325.117
FPS: 116.19
FPS: 113.475
FPS: 226.234
FPS: 271.708
FPS: 329.357
FPS: 338.632
FPS: 338.157
FPS: 336.507
FPS: 300.313
FPS: 337.442
FPS: 327.622
FPS: 336.903
FPS: 329.865
FPS: 334.801
FPS: 332.734
FPS: 116.806
FPS: 110.875
FPS: 237.901
FPS: 329.507
FPS: 335.692
FPS: 330.91
FPS: 322.723
FPS: 324.475
FPS: 336.084
FPS: 317.294
FPS: 333.582
FPS: 302.697
FPS: 333.027
FPS: 331.424
FPS: 328.66
FPS: 333.979
FPS: 310.902
FPS: 327.765
FPS: 291.774
FPS: 299.461
FPS: 245.288
FPS: 256.755
FPS: 260.215
FPS: 244.863
FPS: 206.655
FPS: 321.633
FPS: 311.163
FPS: 282.263
FPS: 322.784
FPS: 323.695
FPS: 311.438
FPS: 334.005
FPS: 311.981
FPS: 329.188
FPS: 303.854
FPS: 328.181
FPS: 315.892
FPS: 324.499
FPS: 334.946
FPS: 290.577
FPS: 317.094
FPS: 324.875
FPS: 331.424
FPS: 330.974
FPS: 327.757
FPS: 309.341
FPS: 315.054
FPS: 329.995
FPS: 321.924
FPS: 335.519
FPS: 293.093
FPS: 340.271
FPS: 336.023
FPS: 326.451
FPS: 332.036
FPS: 318.042
FPS: 339.469
FPS: 319.306
FPS: 339.258
FPS: 343.55
FPS: 340.365
FPS: 327.455
FPS: 313.73
FPS: 335.984
FPS: 326.955
FPS: 329.78
FPS: 329.026
