COM: 0 0 0
orientation: 0.057639  0.57639  0.57639  0.57639
COM:  0  0 30
orientation: 0.057639  0.57639  0.57639  0.57639
COM:  0  0 60
orientation: 0.057639  0.57639  0.57639  0.57639
COM:  0  0 90
orientation: 0.057639  0.57639  0.57639  0.57639
COM:   0   0 120
orientation: 0.057639  0.57639  0.57639  0.57639
COM:   0   0 150
orientation: 0.057639  0.57639  0.57639  0.57639
COM:   0   0 180
orientation: 0.057639  0.57639  0.57639  0.57639
COM:   0   0 210
orientation: 0.057639  0.57639  0.57639  0.57639
COM:   0   0 240
orientation: 0.057639  0.57639  0.57639  0.57639
COM:   0   0 270
orientation: 0.057639  0.57639  0.57639  0.57639
COM:  0 30  0
orientation: 0.057639  0.57639  0.57639  0.57639
COM:  0 30 30
orientation: 0.057639  0.57639  0.57639  0.57639
COM:  0 30 60
orientation: 0.057639  0.57639  0.57639  0.57639
COM:  0 30 90
orientation: 0.057639  0.57639  0.57639  0.57639
COM:   0  30 120
orientation: 0.057639  0.57639  0.57639  0.57639
COM:   0  30 150
orientation: 0.057639  0.57639  0.57639  0.57639
COM:   0  30 180
orientation: 0.057639  0.57639  0.57639  0.57639
COM:   0  30 210
orientation: 0.057639  0.57639  0.57639  0.57639
COM:   0  30 240
orientation: 0.057639  0.57639  0.57639  0.57639
COM:   0  30 270
orientation: 0.057639  0.57639  0.57639  0.57639
COM:  0 60  0
orientation: 0.057639  0.57639  0.57639  0.57639
COM:  0 60 30
orientation: 0.057639  0.57639  0.57639  0.57639
COM:  0 60 60
orientation: 0.057639  0.57639  0.57639  0.57639
COM:  0 60 90
orientation: 0.057639  0.57639  0.57639  0.57639
COM:   0  60 120
orientation: 0.057639  0.57639  0.57639  0.57639
COM:   0  60 150
orientation: 0.057639  0.57639  0.57639  0.57639
COM:   0  60 180
orientation: 0.057639  0.57639  0.57639  0.57639
COM:   0  60 210
orientation: 0.057639  0.57639  0.57639  0.57639
COM:   0  60 240
orientation: 0.057639  0.57639  0.57639  0.57639
COM:   0  60 270
orientation: 0.057639  0.57639  0.57639  0.57639
COM:  0 90  0
orientation: 0.057639  0.57639  0.57639  0.57639
COM:  0 90 30
orientation: 0.057639  0.57639  0.57639  0.57639
COM:  0 90 60
orientation: 0.057639  0.57639  0.57639  0.57639
COM:  0 90 90
orientation: 0.057639  0.57639  0.57639  0.57639
COM:   0  90 120
orientation: 0.057639  0.57639  0.57639  0.57639
COM:   0  90 150
orientation: 0.057639  0.57639  0.57639  0.57639
COM:   0  90 180
orientation: 0.057639  0.57639  0.57639  0.57639
COM:   0  90 210
orientation: 0.057639  0.57639  0.57639  0.57639
COM:   0  90 240
orientation: 0.057639  0.57639  0.57639  0.57639
COM:   0  90 270
orientation: 0.057639  0.57639  0.57639  0.57639
COM:   0 120   0
orientation: 0.057639  0.57639  0.57639  0.57639
COM:   0 120  30
orientation: 0.057639  0.57639  0.57639  0.57639
COM:   0 120  60
orientation: 0.057639  0.57639  0.57639  0.57639
COM:   0 120  90
orientation: 0.057639  0.57639  0.57639  0.57639
COM:   0 120 120
orientation: 0.057639  0.57639  0.57639  0.57639
COM:   0 120 150
orientation: 0.057639  0.57639  0.57639  0.57639
COM:   0 120 180
orientation: 0.057639  0.57639  0.57639  0.57639
COM:   0 120 210
orientation: 0.057639  0.57639  0.57639  0.57639
COM:   0 120 240
orientation: 0.057639  0.57639  0.57639  0.57639
COM:   0 120 270
orientation: 0.057639  0.57639  0.57639  0.57639
COM:   0 150   0
orientation: 0.057639  0.57639  0.57639  0.57639
COM:   0 150  30
orientation: 0.057639  0.57639  0.57639  0.57639
COM:   0 150  60
orientation: 0.057639  0.57639  0.57639  0.57639
COM:   0 150  90
orientation: 0.057639  0.57639  0.57639  0.57639
COM:   0 150 120
orientation: 0.057639  0.57639  0.57639  0.57639
COM:   0 150 150
orientation: 0.057639  0.57639  0.57639  0.57639
COM:   0 150 180
orientation: 0.057639  0.57639  0.57639  0.57639
COM:   0 150 210
orientation: 0.057639  0.57639  0.57639  0.57639
COM:   0 150 240
orientation: 0.057639  0.57639  0.57639  0.57639
COM:   0 150 270
orientation: 0.057639  0.57639  0.57639  0.57639
COM:   0 180   0
orientation: 0.057639  0.57639  0.57639  0.57639
COM:   0 180  30
orientation: 0.057639  0.57639  0.57639  0.57639
COM:   0 180  60
orientation: 0.057639  0.57639  0.57639  0.57639
COM:   0 180  90
orientation: 0.057639  0.57639  0.57639  0.57639
COM:   0 180 120
orientation: 0.057639  0.57639  0.57639  0.57639
COM:   0 180 150
orientation: 0.057639  0.57639  0.57639  0.57639
COM:   0 180 180
orientation: 0.057639  0.57639  0.57639  0.57639
COM:   0 180 210
orientation: 0.057639  0.57639  0.57639  0.57639
COM:   0 180 240
orientation: 0.057639  0.57639  0.57639  0.57639
COM:   0 180 270
orientation: 0.057639  0.57639  0.57639  0.57639
COM:   0 210   0
orientation: 0.057639  0.57639  0.57639  0.57639
COM:   0 210  30
orientation: 0.057639  0.57639  0.57639  0.57639
COM:   0 210  60
orientation: 0.057639  0.57639  0.57639  0.57639
COM:   0 210  90
orientation: 0.057639  0.57639  0.57639  0.57639
COM:   0 210 120
orientation: 0.057639  0.57639  0.57639  0.57639
COM:   0 210 150
orientation: 0.057639  0.57639  0.57639  0.57639
COM:   0 210 180
orientation: 0.057639  0.57639  0.57639  0.57639
COM:   0 210 210
orientation: 0.057639  0.57639  0.57639  0.57639
COM:   0 210 240
orientation: 0.057639  0.57639  0.57639  0.57639
COM:   0 210 270
orientation: 0.057639  0.57639  0.57639  0.57639
COM:   0 240   0
orientation: 0.057639  0.57639  0.57639  0.57639
COM:   0 240  30
orientation: 0.057639  0.57639  0.57639  0.57639
COM:   0 240  60
orientation: 0.057639  0.57639  0.57639  0.57639
COM:   0 240  90
orientation: 0.057639  0.57639  0.57639  0.57639
COM:   0 240 120
orientation: 0.057639  0.57639  0.57639  0.57639
COM:   0 240 150
orientation: 0.057639  0.57639  0.57639  0.57639
COM:   0 240 180
orientation: 0.057639  0.57639  0.57639  0.57639
COM:   0 240 210
orientation: 0.057639  0.57639  0.57639  0.57639
COM:   0 240 240
orientation: 0.057639  0.57639  0.57639  0.57639
COM:   0 240 270
orientation: 0.057639  0.57639  0.57639  0.57639
COM:   0 270   0
orientation: 0.057639  0.57639  0.57639  0.57639
COM:   0 270  30
orientation: 0.057639  0.57639  0.57639  0.57639
COM:   0 270  60
orientation: 0.057639  0.57639  0.57639  0.57639
COM:   0 270  90
orientation: 0.057639  0.57639  0.57639  0.57639
COM:   0 270 120
orientation: 0.057639  0.57639  0.57639  0.57639
COM:   0 270 150
orientation: 0.057639  0.57639  0.57639  0.57639
COM:   0 270 180
orientation: 0.057639  0.57639  0.57639  0.57639
COM:   0 270 210
orientation: 0.057639  0.57639  0.57639  0.57639
COM:   0 270 240
orientation: 0.057639  0.57639  0.57639  0.57639
COM:   0 270 270
orientation: 0.057639  0.57639  0.57639  0.57639
COM: 30  0  0
orientation: 0.057639  0.57639  0.57639  0.57639
COM: 30  0 30
orientation: 0.057639  0.57639  0.57639  0.57639
COM: 30  0 60
orientation: 0.057639  0.57639  0.57639  0.57639
COM: 30  0 90
orientation: 0.057639  0.57639  0.57639  0.57639
COM:  30   0 120
orientation: 0.057639  0.57639  0.57639  0.57639
COM:  30   0 150
orientation: 0.057639  0.57639  0.57639  0.57639
COM:  30   0 180
orientation: 0.057639  0.57639  0.57639  0.57639
COM:  30   0 210
orientation: 0.057639  0.57639  0.57639  0.57639
COM:  30   0 240
orientation: 0.057639  0.57639  0.57639  0.57639
COM:  30   0 270
orientation: 0.057639  0.57639  0.57639  0.57639
COM: 30 30  0
orientation: 0.057639  0.57639  0.57639  0.57639
COM: 30 30 30
orientation: 0.057639  0.57639  0.57639  0.57639
COM: 30 30 60
orientation: 0.057639  0.57639  0.57639  0.57639
COM: 30 30 90
orientation: 0.057639  0.57639  0.57639  0.57639
COM:  30  30 120
orientation: 0.057639  0.57639  0.57639  0.57639
COM:  30  30 150
orientation: 0.057639  0.57639  0.57639  0.57639
COM:  30  30 180
orientation: 0.057639  0.57639  0.57639  0.57639
COM:  30  30 210
orientation: 0.057639  0.57639  0.57639  0.57639
COM:  30  30 240
orientation: 0.057639  0.57639  0.57639  0.57639
COM:  30  30 270
orientation: 0.057639  0.57639  0.57639  0.57639
COM: 30 60  0
orientation: 0.057639  0.57639  0.57639  0.57639
COM: 30 60 30
orientation: 0.057639  0.57639  0.57639  0.57639
COM: 30 60 60
orientation: 0.057639  0.57639  0.57639  0.57639
COM: 30 60 90
orientation: 0.057639  0.57639  0.57639  0.57639
COM:  30  60 120
orientation: 0.057639  0.57639  0.57639  0.57639
COM:  30  60 150
orientation: 0.057639  0.57639  0.57639  0.57639
COM:  30  60 180
orientation: 0.057639  0.57639  0.57639  0.57639
COM:  30  60 210
orientation: 0.057639  0.57639  0.57639  0.57639
COM:  30  60 240
orientation: 0.057639  0.57639  0.57639  0.57639
COM:  30  60 270
orientation: 0.057639  0.57639  0.57639  0.57639
COM: 30 90  0
orientation: 0.057639  0.57639  0.57639  0.57639
COM: 30 90 30
orientation: 0.057639  0.57639  0.57639  0.57639
COM: 30 90 60
orientation: 0.057639  0.57639  0.57639  0.57639
COM: 30 90 90
orientation: 0.057639  0.57639  0.57639  0.57639
COM:  30  90 120
orientation: 0.057639  0.57639  0.57639  0.57639
COM:  30  90 150
orientation: 0.057639  0.57639  0.57639  0.57639
COM:  30  90 180
orientation: 0.057639  0.57639  0.57639  0.57639
COM:  30  90 210
orientation: 0.057639  0.57639  0.57639  0.57639
COM:  30  90 240
orientation: 0.057639  0.57639  0.57639  0.57639
COM:  30  90 270
orientation: 0.057639  0.57639  0.57639  0.57639
COM:  30 120   0
orientation: 0.057639  0.57639  0.57639  0.57639
COM:  30 120  30
orientation: 0.057639  0.57639  0.57639  0.57639
COM:  30 120  60
orientation: 0.057639  0.57639  0.57639  0.57639
COM:  30 120  90
orientation: 0.057639  0.57639  0.57639  0.57639
COM:  30 120 120
orientation: 0.057639  0.57639  0.57639  0.57639
COM:  30 120 150
orientation: 0.057639  0.57639  0.57639  0.57639
COM:  30 120 180
orientation: 0.057639  0.57639  0.57639  0.57639
COM:  30 120 210
orientation: 0.057639  0.57639  0.57639  0.57639
COM:  30 120 240
orientation: 0.057639  0.57639  0.57639  0.57639
COM:  30 120 270
orientation: 0.057639  0.57639  0.57639  0.57639
COM:  30 150   0
orientation: 0.057639  0.57639  0.57639  0.57639
COM:  30 150  30
orientation: 0.057639  0.57639  0.57639  0.57639
COM:  30 150  60
orientation: 0.057639  0.57639  0.57639  0.57639
COM:  30 150  90
orientation: 0.057639  0.57639  0.57639  0.57639
COM:  30 150 120
orientation: 0.057639  0.57639  0.57639  0.57639
COM:  30 150 150
orientation: 0.057639  0.57639  0.57639  0.57639
COM:  30 150 180
orientation: 0.057639  0.57639  0.57639  0.57639
COM:  30 150 210
orientation: 0.057639  0.57639  0.57639  0.57639
COM:  30 150 240
orientation: 0.057639  0.57639  0.57639  0.57639
COM:  30 150 270
orientation: 0.057639  0.57639  0.57639  0.57639
COM:  30 180   0
orientation: 0.057639  0.57639  0.57639  0.57639
COM:  30 180  30
orientation: 0.057639  0.57639  0.57639  0.57639
COM:  30 180  60
orientation: 0.057639  0.57639  0.57639  0.57639
COM:  30 180  90
orientation: 0.057639  0.57639  0.57639  0.57639
COM:  30 180 120
orientation: 0.057639  0.57639  0.57639  0.57639
COM:  30 180 150
orientation: 0.057639  0.57639  0.57639  0.57639
COM:  30 180 180
orientation: 0.057639  0.57639  0.57639  0.57639
COM:  30 180 210
orientation: 0.057639  0.57639  0.57639  0.57639
COM:  30 180 240
orientation: 0.057639  0.57639  0.57639  0.57639
COM:  30 180 270
orientation: 0.057639  0.57639  0.57639  0.57639
COM:  30 210   0
orientation: 0.057639  0.57639  0.57639  0.57639
COM:  30 210  30
orientation: 0.057639  0.57639  0.57639  0.57639
COM:  30 210  60
orientation: 0.057639  0.57639  0.57639  0.57639
COM:  30 210  90
orientation: 0.057639  0.57639  0.57639  0.57639
COM:  30 210 120
orientation: 0.057639  0.57639  0.57639  0.57639
COM:  30 210 150
orientation: 0.057639  0.57639  0.57639  0.57639
COM:  30 210 180
orientation: 0.057639  0.57639  0.57639  0.57639
COM:  30 210 210
orientation: 0.057639  0.57639  0.57639  0.57639
COM:  30 210 240
orientation: 0.057639  0.57639  0.57639  0.57639
COM:  30 210 270
orientation: 0.057639  0.57639  0.57639  0.57639
COM:  30 240   0
orientation: 0.057639  0.57639  0.57639  0.57639
COM:  30 240  30
orientation: 0.057639  0.57639  0.57639  0.57639
COM:  30 240  60
orientation: 0.057639  0.57639  0.57639  0.57639
COM:  30 240  90
orientation: 0.057639  0.57639  0.57639  0.57639
COM:  30 240 120
orientation: 0.057639  0.57639  0.57639  0.57639
COM:  30 240 150
orientation: 0.057639  0.57639  0.57639  0.57639
COM:  30 240 180
orientation: 0.057639  0.57639  0.57639  0.57639
COM:  30 240 210
orientation: 0.057639  0.57639  0.57639  0.57639
COM:  30 240 240
orientation: 0.057639  0.57639  0.57639  0.57639
COM:  30 240 270
orientation: 0.057639  0.57639  0.57639  0.57639
COM:  30 270   0
orientation: 0.057639  0.57639  0.57639  0.57639
COM:  30 270  30
orientation: 0.057639  0.57639  0.57639  0.57639
COM:  30 270  60
orientation: 0.057639  0.57639  0.57639  0.57639
COM:  30 270  90
orientation: 0.057639  0.57639  0.57639  0.57639
COM:  30 270 120
orientation: 0.057639  0.57639  0.57639  0.57639
COM:  30 270 150
orientation: 0.057639  0.57639  0.57639  0.57639
COM:  30 270 180
orientation: 0.057639  0.57639  0.57639  0.57639
COM:  30 270 210
orientation: 0.057639  0.57639  0.57639  0.57639
COM:  30 270 240
orientation: 0.057639  0.57639  0.57639  0.57639
COM:  30 270 270
orientation: 0.057639  0.57639  0.57639  0.57639
COM: 60  0  0
orientation: 0.057639  0.57639  0.57639  0.57639
COM: 60  0 30
orientation: 0.057639  0.57639  0.57639  0.57639
COM: 60  0 60
orientation: 0.057639  0.57639  0.57639  0.57639
COM: 60  0 90
orientation: 0.057639  0.57639  0.57639  0.57639
COM:  60   0 120
orientation: 0.057639  0.57639  0.57639  0.57639
COM:  60   0 150
orientation: 0.057639  0.57639  0.57639  0.57639
COM:  60   0 180
orientation: 0.057639  0.57639  0.57639  0.57639
COM:  60   0 210
orientation: 0.057639  0.57639  0.57639  0.57639
COM:  60   0 240
orientation: 0.057639  0.57639  0.57639  0.57639
COM:  60   0 270
orientation: 0.057639  0.57639  0.57639  0.57639
COM: 60 30  0
orientation: 0.057639  0.57639  0.57639  0.57639
COM: 60 30 30
orientation: 0.057639  0.57639  0.57639  0.57639
COM: 60 30 60
orientation: 0.057639  0.57639  0.57639  0.57639
COM: 60 30 90
orientation: 0.057639  0.57639  0.57639  0.57639
COM:  60  30 120
orientation: 0.057639  0.57639  0.57639  0.57639
COM:  60  30 150
orientation: 0.057639  0.57639  0.57639  0.57639
COM:  60  30 180
orientation: 0.057639  0.57639  0.57639  0.57639
COM:  60  30 210
orientation: 0.057639  0.57639  0.57639  0.57639
COM:  60  30 240
orientation: 0.057639  0.57639  0.57639  0.57639
COM:  60  30 270
orientation: 0.057639  0.57639  0.57639  0.57639
COM: 60 60  0
orientation: 0.057639  0.57639  0.57639  0.57639
COM: 60 60 30
orientation: 0.057639  0.57639  0.57639  0.57639
COM: 60 60 60
orientation: 0.057639  0.57639  0.57639  0.57639
COM: 60 60 90
orientation: 0.057639  0.57639  0.57639  0.57639
COM:  60  60 120
orientation: 0.057639  0.57639  0.57639  0.57639
COM:  60  60 150
orientation: 0.057639  0.57639  0.57639  0.57639
COM:  60  60 180
orientation: 0.057639  0.57639  0.57639  0.57639
COM:  60  60 210
orientation: 0.057639  0.57639  0.57639  0.57639
COM:  60  60 240
orientation: 0.057639  0.57639  0.57639  0.57639
COM:  60  60 270
orientation: 0.057639  0.57639  0.57639  0.57639
COM: 60 90  0
orientation: 0.057639  0.57639  0.57639  0.57639
COM: 60 90 30
orientation: 0.057639  0.57639  0.57639  0.57639
COM: 60 90 60
orientation: 0.057639  0.57639  0.57639  0.57639
COM: 60 90 90
orientation: 0.057639  0.57639  0.57639  0.57639
COM:  60  90 120
orientation: 0.057639  0.57639  0.57639  0.57639
COM:  60  90 150
orientation: 0.057639  0.57639  0.57639  0.57639
COM:  60  90 180
orientation: 0.057639  0.57639  0.57639  0.57639
COM:  60  90 210
orientation: 0.057639  0.57639  0.57639  0.57639
COM:  60  90 240
orientation: 0.057639  0.57639  0.57639  0.57639
COM:  60  90 270
orientation: 0.057639  0.57639  0.57639  0.57639
COM:  60 120   0
orientation: 0.057639  0.57639  0.57639  0.57639
COM:  60 120  30
orientation: 0.057639  0.57639  0.57639  0.57639
COM:  60 120  60
orientation: 0.057639  0.57639  0.57639  0.57639
COM:  60 120  90
orientation: 0.057639  0.57639  0.57639  0.57639
COM:  60 120 120
orientation: 0.057639  0.57639  0.57639  0.57639
COM:  60 120 150
orientation: 0.057639  0.57639  0.57639  0.57639
COM:  60 120 180
orientation: 0.057639  0.57639  0.57639  0.57639
COM:  60 120 210
orientation: 0.057639  0.57639  0.57639  0.57639
COM:  60 120 240
orientation: 0.057639  0.57639  0.57639  0.57639
COM:  60 120 270
orientation: 0.057639  0.57639  0.57639  0.57639
COM:  60 150   0
orientation: 0.057639  0.57639  0.57639  0.57639
COM:  60 150  30
orientation: 0.057639  0.57639  0.57639  0.57639
COM:  60 150  60
orientation: 0.057639  0.57639  0.57639  0.57639
COM:  60 150  90
orientation: 0.057639  0.57639  0.57639  0.57639
COM:  60 150 120
orientation: 0.057639  0.57639  0.57639  0.57639
COM:  60 150 150
orientation: 0.057639  0.57639  0.57639  0.57639
COM:  60 150 180
orientation: 0.057639  0.57639  0.57639  0.57639
COM:  60 150 210
orientation: 0.057639  0.57639  0.57639  0.57639
COM:  60 150 240
orientation: 0.057639  0.57639  0.57639  0.57639
COM:  60 150 270
orientation: 0.057639  0.57639  0.57639  0.57639
COM:  60 180   0
orientation: 0.057639  0.57639  0.57639  0.57639
COM:  60 180  30
orientation: 0.057639  0.57639  0.57639  0.57639
COM:  60 180  60
orientation: 0.057639  0.57639  0.57639  0.57639
COM:  60 180  90
orientation: 0.057639  0.57639  0.57639  0.57639
COM:  60 180 120
orientation: 0.057639  0.57639  0.57639  0.57639
COM:  60 180 150
orientation: 0.057639  0.57639  0.57639  0.57639
COM:  60 180 180
orientation: 0.057639  0.57639  0.57639  0.57639
COM:  60 180 210
orientation: 0.057639  0.57639  0.57639  0.57639
COM:  60 180 240
orientation: 0.057639  0.57639  0.57639  0.57639
COM:  60 180 270
orientation: 0.057639  0.57639  0.57639  0.57639
COM:  60 210   0
orientation: 0.057639  0.57639  0.57639  0.57639
COM:  60 210  30
orientation: 0.057639  0.57639  0.57639  0.57639
COM:  60 210  60
orientation: 0.057639  0.57639  0.57639  0.57639
COM:  60 210  90
orientation: 0.057639  0.57639  0.57639  0.57639
COM:  60 210 120
orientation: 0.057639  0.57639  0.57639  0.57639
COM:  60 210 150
orientation: 0.057639  0.57639  0.57639  0.57639
COM:  60 210 180
orientation: 0.057639  0.57639  0.57639  0.57639
COM:  60 210 210
orientation: 0.057639  0.57639  0.57639  0.57639
COM:  60 210 240
orientation: 0.057639  0.57639  0.57639  0.57639
COM:  60 210 270
orientation: 0.057639  0.57639  0.57639  0.57639
COM:  60 240   0
orientation: 0.057639  0.57639  0.57639  0.57639
COM:  60 240  30
orientation: 0.057639  0.57639  0.57639  0.57639
COM:  60 240  60
orientation: 0.057639  0.57639  0.57639  0.57639
COM:  60 240  90
orientation: 0.057639  0.57639  0.57639  0.57639
COM:  60 240 120
orientation: 0.057639  0.57639  0.57639  0.57639
COM:  60 240 150
orientation: 0.057639  0.57639  0.57639  0.57639
COM:  60 240 180
orientation: 0.057639  0.57639  0.57639  0.57639
COM:  60 240 210
orientation: 0.057639  0.57639  0.57639  0.57639
COM:  60 240 240
orientation: 0.057639  0.57639  0.57639  0.57639
COM:  60 240 270
orientation: 0.057639  0.57639  0.57639  0.57639
COM:  60 270   0
orientation: 0.057639  0.57639  0.57639  0.57639
COM:  60 270  30
orientation: 0.057639  0.57639  0.57639  0.57639
COM:  60 270  60
orientation: 0.057639  0.57639  0.57639  0.57639
COM:  60 270  90
orientation: 0.057639  0.57639  0.57639  0.57639
COM:  60 270 120
orientation: 0.057639  0.57639  0.57639  0.57639
COM:  60 270 150
orientation: 0.057639  0.57639  0.57639  0.57639
COM:  60 270 180
orientation: 0.057639  0.57639  0.57639  0.57639
COM:  60 270 210
orientation: 0.057639  0.57639  0.57639  0.57639
COM:  60 270 240
orientation: 0.057639  0.57639  0.57639  0.57639
COM:  60 270 270
orientation: 0.057639  0.57639  0.57639  0.57639
COM: 90  0  0
orientation: 0.057639  0.57639  0.57639  0.57639
COM: 90  0 30
orientation: 0.057639  0.57639  0.57639  0.57639
COM: 90  0 60
orientation: 0.057639  0.57639  0.57639  0.57639
COM: 90  0 90
orientation: 0.057639  0.57639  0.57639  0.57639
COM:  90   0 120
orientation: 0.057639  0.57639  0.57639  0.57639
COM:  90   0 150
orientation: 0.057639  0.57639  0.57639  0.57639
COM:  90   0 180
orientation: 0.057639  0.57639  0.57639  0.57639
COM:  90   0 210
orientation: 0.057639  0.57639  0.57639  0.57639
COM:  90   0 240
orientation: 0.057639  0.57639  0.57639  0.57639
COM:  90   0 270
orientation: 0.057639  0.57639  0.57639  0.57639
COM: 90 30  0
orientation: 0.057639  0.57639  0.57639  0.57639
COM: 90 30 30
orientation: 0.057639  0.57639  0.57639  0.57639
COM: 90 30 60
orientation: 0.057639  0.57639  0.57639  0.57639
COM: 90 30 90
orientation: 0.057639  0.57639  0.57639  0.57639
COM:  90  30 120
orientation: 0.057639  0.57639  0.57639  0.57639
COM:  90  30 150
orientation: 0.057639  0.57639  0.57639  0.57639
COM:  90  30 180
orientation: 0.057639  0.57639  0.57639  0.57639
COM:  90  30 210
orientation: 0.057639  0.57639  0.57639  0.57639
COM:  90  30 240
orientation: 0.057639  0.57639  0.57639  0.57639
COM:  90  30 270
orientation: 0.057639  0.57639  0.57639  0.57639
COM: 90 60  0
orientation: 0.057639  0.57639  0.57639  0.57639
COM: 90 60 30
orientation: 0.057639  0.57639  0.57639  0.57639
COM: 90 60 60
orientation: 0.057639  0.57639  0.57639  0.57639
COM: 90 60 90
orientation: 0.057639  0.57639  0.57639  0.57639
COM:  90  60 120
orientation: 0.057639  0.57639  0.57639  0.57639
COM:  90  60 150
orientation: 0.057639  0.57639  0.57639  0.57639
COM:  90  60 180
orientation: 0.057639  0.57639  0.57639  0.57639
COM:  90  60 210
orientation: 0.057639  0.57639  0.57639  0.57639
COM:  90  60 240
orientation: 0.057639  0.57639  0.57639  0.57639
COM:  90  60 270
orientation: 0.057639  0.57639  0.57639  0.57639
COM: 90 90  0
orientation: 0.057639  0.57639  0.57639  0.57639
COM: 90 90 30
orientation: 0.057639  0.57639  0.57639  0.57639
COM: 90 90 60
orientation: 0.057639  0.57639  0.57639  0.57639
COM: 90 90 90
orientation: 0.057639  0.57639  0.57639  0.57639
COM:  90  90 120
orientation: 0.057639  0.57639  0.57639  0.57639
COM:  90  90 150
orientation: 0.057639  0.57639  0.57639  0.57639
COM:  90  90 180
orientation: 0.057639  0.57639  0.57639  0.57639
COM:  90  90 210
orientation: 0.057639  0.57639  0.57639  0.57639
COM:  90  90 240
orientation: 0.057639  0.57639  0.57639  0.57639
COM:  90  90 270
orientation: 0.057639  0.57639  0.57639  0.57639
COM:  90 120   0
orientation: 0.057639  0.57639  0.57639  0.57639
COM:  90 120  30
orientation: 0.057639  0.57639  0.57639  0.57639
COM:  90 120  60
orientation: 0.057639  0.57639  0.57639  0.57639
COM:  90 120  90
orientation: 0.057639  0.57639  0.57639  0.57639
COM:  90 120 120
orientation: 0.057639  0.57639  0.57639  0.57639
COM:  90 120 150
orientation: 0.057639  0.57639  0.57639  0.57639
COM:  90 120 180
orientation: 0.057639  0.57639  0.57639  0.57639
COM:  90 120 210
orientation: 0.057639  0.57639  0.57639  0.57639
COM:  90 120 240
orientation: 0.057639  0.57639  0.57639  0.57639
COM:  90 120 270
orientation: 0.057639  0.57639  0.57639  0.57639
COM:  90 150   0
orientation: 0.057639  0.57639  0.57639  0.57639
COM:  90 150  30
orientation: 0.057639  0.57639  0.57639  0.57639
COM:  90 150  60
orientation: 0.057639  0.57639  0.57639  0.57639
COM:  90 150  90
orientation: 0.057639  0.57639  0.57639  0.57639
COM:  90 150 120
orientation: 0.057639  0.57639  0.57639  0.57639
COM:  90 150 150
orientation: 0.057639  0.57639  0.57639  0.57639
COM:  90 150 180
orientation: 0.057639  0.57639  0.57639  0.57639
COM:  90 150 210
orientation: 0.057639  0.57639  0.57639  0.57639
COM:  90 150 240
orientation: 0.057639  0.57639  0.57639  0.57639
COM:  90 150 270
orientation: 0.057639  0.57639  0.57639  0.57639
COM:  90 180   0
orientation: 0.057639  0.57639  0.57639  0.57639
COM:  90 180  30
orientation: 0.057639  0.57639  0.57639  0.57639
COM:  90 180  60
orientation: 0.057639  0.57639  0.57639  0.57639
COM:  90 180  90
orientation: 0.057639  0.57639  0.57639  0.57639
COM:  90 180 120
orientation: 0.057639  0.57639  0.57639  0.57639
COM:  90 180 150
orientation: 0.057639  0.57639  0.57639  0.57639
COM:  90 180 180
orientation: 0.057639  0.57639  0.57639  0.57639
COM:  90 180 210
orientation: 0.057639  0.57639  0.57639  0.57639
COM:  90 180 240
orientation: 0.057639  0.57639  0.57639  0.57639
COM:  90 180 270
orientation: 0.057639  0.57639  0.57639  0.57639
COM:  90 210   0
orientation: 0.057639  0.57639  0.57639  0.57639
COM:  90 210  30
orientation: 0.057639  0.57639  0.57639  0.57639
COM:  90 210  60
orientation: 0.057639  0.57639  0.57639  0.57639
COM:  90 210  90
orientation: 0.057639  0.57639  0.57639  0.57639
COM:  90 210 120
orientation: 0.057639  0.57639  0.57639  0.57639
COM:  90 210 150
orientation: 0.057639  0.57639  0.57639  0.57639
COM:  90 210 180
orientation: 0.057639  0.57639  0.57639  0.57639
COM:  90 210 210
orientation: 0.057639  0.57639  0.57639  0.57639
COM:  90 210 240
orientation: 0.057639  0.57639  0.57639  0.57639
COM:  90 210 270
orientation: 0.057639  0.57639  0.57639  0.57639
COM:  90 240   0
orientation: 0.057639  0.57639  0.57639  0.57639
COM:  90 240  30
orientation: 0.057639  0.57639  0.57639  0.57639
COM:  90 240  60
orientation: 0.057639  0.57639  0.57639  0.57639
COM:  90 240  90
orientation: 0.057639  0.57639  0.57639  0.57639
COM:  90 240 120
orientation: 0.057639  0.57639  0.57639  0.57639
COM:  90 240 150
orientation: 0.057639  0.57639  0.57639  0.57639
COM:  90 240 180
orientation: 0.057639  0.57639  0.57639  0.57639
COM:  90 240 210
orientation: 0.057639  0.57639  0.57639  0.57639
COM:  90 240 240
orientation: 0.057639  0.57639  0.57639  0.57639
COM:  90 240 270
orientation: 0.057639  0.57639  0.57639  0.57639
COM:  90 270   0
orientation: 0.057639  0.57639  0.57639  0.57639
COM:  90 270  30
orientation: 0.057639  0.57639  0.57639  0.57639
COM:  90 270  60
orientation: 0.057639  0.57639  0.57639  0.57639
COM:  90 270  90
orientation: 0.057639  0.57639  0.57639  0.57639
COM:  90 270 120
orientation: 0.057639  0.57639  0.57639  0.57639
COM:  90 270 150
orientation: 0.057639  0.57639  0.57639  0.57639
COM:  90 270 180
orientation: 0.057639  0.57639  0.57639  0.57639
COM:  90 270 210
orientation: 0.057639  0.57639  0.57639  0.57639
COM:  90 270 240
orientation: 0.057639  0.57639  0.57639  0.57639
COM:  90 270 270
orientation: 0.057639  0.57639  0.57639  0.57639
COM: 120   0   0
orientation: 0.057639  0.57639  0.57639  0.57639
COM: 120   0  30
orientation: 0.057639  0.57639  0.57639  0.57639
COM: 120   0  60
orientation: 0.057639  0.57639  0.57639  0.57639
COM: 120   0  90
orientation: 0.057639  0.57639  0.57639  0.57639
COM: 120   0 120
orientation: 0.057639  0.57639  0.57639  0.57639
COM: 120   0 150
orientation: 0.057639  0.57639  0.57639  0.57639
COM: 120   0 180
orientation: 0.057639  0.57639  0.57639  0.57639
COM: 120   0 210
orientation: 0.057639  0.57639  0.57639  0.57639
COM: 120   0 240
orientation: 0.057639  0.57639  0.57639  0.57639
COM: 120   0 270
orientation: 0.057639  0.57639  0.57639  0.57639
COM: 120  30   0
orientation: 0.057639  0.57639  0.57639  0.57639
COM: 120  30  30
orientation: 0.057639  0.57639  0.57639  0.57639
COM: 120  30  60
orientation: 0.057639  0.57639  0.57639  0.57639
COM: 120  30  90
orientation: 0.057639  0.57639  0.57639  0.57639
COM: 120  30 120
orientation: 0.057639  0.57639  0.57639  0.57639
COM: 120  30 150
orientation: 0.057639  0.57639  0.57639  0.57639
COM: 120  30 180
orientation: 0.057639  0.57639  0.57639  0.57639
COM: 120  30 210
orientation: 0.057639  0.57639  0.57639  0.57639
COM: 120  30 240
orientation: 0.057639  0.57639  0.57639  0.57639
COM: 120  30 270
orientation: 0.057639  0.57639  0.57639  0.57639
COM: 120  60   0
orientation: 0.057639  0.57639  0.57639  0.57639
COM: 120  60  30
orientation: 0.057639  0.57639  0.57639  0.57639
COM: 120  60  60
orientation: 0.057639  0.57639  0.57639  0.57639
COM: 120  60  90
orientation: 0.057639  0.57639  0.57639  0.57639
COM: 120  60 120
orientation: 0.057639  0.57639  0.57639  0.57639
COM: 120  60 150
orientation: 0.057639  0.57639  0.57639  0.57639
COM: 120  60 180
orientation: 0.057639  0.57639  0.57639  0.57639
COM: 120  60 210
orientation: 0.057639  0.57639  0.57639  0.57639
COM: 120  60 240
orientation: 0.057639  0.57639  0.57639  0.57639
COM: 120  60 270
orientation: 0.057639  0.57639  0.57639  0.57639
COM: 120  90   0
orientation: 0.057639  0.57639  0.57639  0.57639
COM: 120  90  30
orientation: 0.057639  0.57639  0.57639  0.57639
COM: 120  90  60
orientation: 0.057639  0.57639  0.57639  0.57639
COM: 120  90  90
orientation: 0.057639  0.57639  0.57639  0.57639
COM: 120  90 120
orientation: 0.057639  0.57639  0.57639  0.57639
COM: 120  90 150
orientation: 0.057639  0.57639  0.57639  0.57639
COM: 120  90 180
orientation: 0.057639  0.57639  0.57639  0.57639
COM: 120  90 210
orientation: 0.057639  0.57639  0.57639  0.57639
COM: 120  90 240
orientation: 0.057639  0.57639  0.57639  0.57639
COM: 120  90 270
orientation: 0.057639  0.57639  0.57639  0.57639
COM: 120 120   0
orientation: 0.057639  0.57639  0.57639  0.57639
COM: 120 120  30
orientation: 0.057639  0.57639  0.57639  0.57639
COM: 120 120  60
orientation: 0.057639  0.57639  0.57639  0.57639
COM: 120 120  90
orientation: 0.057639  0.57639  0.57639  0.57639
COM: 120 120 120
orientation: 0.057639  0.57639  0.57639  0.57639
COM: 120 120 150
orientation: 0.057639  0.57639  0.57639  0.57639
COM: 120 120 180
orientation: 0.057639  0.57639  0.57639  0.57639
COM: 120 120 210
orientation: 0.057639  0.57639  0.57639  0.57639
COM: 120 120 240
orientation: 0.057639  0.57639  0.57639  0.57639
COM: 120 120 270
orientation: 0.057639  0.57639  0.57639  0.57639
COM: 120 150   0
orientation: 0.057639  0.57639  0.57639  0.57639
COM: 120 150  30
orientation: 0.057639  0.57639  0.57639  0.57639
COM: 120 150  60
orientation: 0.057639  0.57639  0.57639  0.57639
COM: 120 150  90
orientation: 0.057639  0.57639  0.57639  0.57639
COM: 120 150 120
orientation: 0.057639  0.57639  0.57639  0.57639
COM: 120 150 150
orientation: 0.057639  0.57639  0.57639  0.57639
COM: 120 150 180
orientation: 0.057639  0.57639  0.57639  0.57639
COM: 120 150 210
orientation: 0.057639  0.57639  0.57639  0.57639
COM: 120 150 240
orientation: 0.057639  0.57639  0.57639  0.57639
COM: 120 150 270
orientation: 0.057639  0.57639  0.57639  0.57639
COM: 120 180   0
orientation: 0.057639  0.57639  0.57639  0.57639
COM: 120 180  30
orientation: 0.057639  0.57639  0.57639  0.57639
COM: 120 180  60
orientation: 0.057639  0.57639  0.57639  0.57639
COM: 120 180  90
orientation: 0.057639  0.57639  0.57639  0.57639
COM: 120 180 120
orientation: 0.057639  0.57639  0.57639  0.57639
COM: 120 180 150
orientation: 0.057639  0.57639  0.57639  0.57639
COM: 120 180 180
orientation: 0.057639  0.57639  0.57639  0.57639
COM: 120 180 210
orientation: 0.057639  0.57639  0.57639  0.57639
COM: 120 180 240
orientation: 0.057639  0.57639  0.57639  0.57639
COM: 120 180 270
orientation: 0.057639  0.57639  0.57639  0.57639
COM: 120 210   0
orientation: 0.057639  0.57639  0.57639  0.57639
COM: 120 210  30
orientation: 0.057639  0.57639  0.57639  0.57639
COM: 120 210  60
orientation: 0.057639  0.57639  0.57639  0.57639
COM: 120 210  90
orientation: 0.057639  0.57639  0.57639  0.57639
COM: 120 210 120
orientation: 0.057639  0.57639  0.57639  0.57639
COM: 120 210 150
orientation: 0.057639  0.57639  0.57639  0.57639
COM: 120 210 180
orientation: 0.057639  0.57639  0.57639  0.57639
COM: 120 210 210
orientation: 0.057639  0.57639  0.57639  0.57639
COM: 120 210 240
orientation: 0.057639  0.57639  0.57639  0.57639
COM: 120 210 270
orientation: 0.057639  0.57639  0.57639  0.57639
COM: 120 240   0
orientation: 0.057639  0.57639  0.57639  0.57639
COM: 120 240  30
orientation: 0.057639  0.57639  0.57639  0.57639
COM: 120 240  60
orientation: 0.057639  0.57639  0.57639  0.57639
COM: 120 240  90
orientation: 0.057639  0.57639  0.57639  0.57639
COM: 120 240 120
orientation: 0.057639  0.57639  0.57639  0.57639
COM: 120 240 150
orientation: 0.057639  0.57639  0.57639  0.57639
COM: 120 240 180
orientation: 0.057639  0.57639  0.57639  0.57639
COM: 120 240 210
orientation: 0.057639  0.57639  0.57639  0.57639
COM: 120 240 240
orientation: 0.057639  0.57639  0.57639  0.57639
COM: 120 240 270
orientation: 0.057639  0.57639  0.57639  0.57639
COM: 120 270   0
orientation: 0.057639  0.57639  0.57639  0.57639
COM: 120 270  30
orientation: 0.057639  0.57639  0.57639  0.57639
COM: 120 270  60
orientation: 0.057639  0.57639  0.57639  0.57639
COM: 120 270  90
orientation: 0.057639  0.57639  0.57639  0.57639
COM: 120 270 120
orientation: 0.057639  0.57639  0.57639  0.57639
COM: 120 270 150
orientation: 0.057639  0.57639  0.57639  0.57639
COM: 120 270 180
orientation: 0.057639  0.57639  0.57639  0.57639
COM: 120 270 210
orientation: 0.057639  0.57639  0.57639  0.57639
COM: 120 270 240
orientation: 0.057639  0.57639  0.57639  0.57639
COM: 120 270 270
orientation: 0.057639  0.57639  0.57639  0.57639
COM: 150   0   0
orientation: 0.057639  0.57639  0.57639  0.57639
COM: 150   0  30
orientation: 0.057639  0.57639  0.57639  0.57639
COM: 150   0  60
orientation: 0.057639  0.57639  0.57639  0.57639
COM: 150   0  90
orientation: 0.057639  0.57639  0.57639  0.57639
COM: 150   0 120
orientation: 0.057639  0.57639  0.57639  0.57639
COM: 150   0 150
orientation: 0.057639  0.57639  0.57639  0.57639
COM: 150   0 180
orientation: 0.057639  0.57639  0.57639  0.57639
COM: 150   0 210
orientation: 0.057639  0.57639  0.57639  0.57639
COM: 150   0 240
orientation: 0.057639  0.57639  0.57639  0.57639
COM: 150   0 270
orientation: 0.057639  0.57639  0.57639  0.57639
COM: 150  30   0
orientation: 0.057639  0.57639  0.57639  0.57639
COM: 150  30  30
orientation: 0.057639  0.57639  0.57639  0.57639
COM: 150  30  60
orientation: 0.057639  0.57639  0.57639  0.57639
COM: 150  30  90
orientation: 0.057639  0.57639  0.57639  0.57639
COM: 150  30 120
orientation: 0.057639  0.57639  0.57639  0.57639
COM: 150  30 150
orientation: 0.057639  0.57639  0.57639  0.57639
COM: 150  30 180
orientation: 0.057639  0.57639  0.57639  0.57639
COM: 150  30 210
orientation: 0.057639  0.57639  0.57639  0.57639
COM: 150  30 240
orientation: 0.057639  0.57639  0.57639  0.57639
COM: 150  30 270
orientation: 0.057639  0.57639  0.57639  0.57639
COM: 150  60   0
orientation: 0.057639  0.57639  0.57639  0.57639
COM: 150  60  30
orientation: 0.057639  0.57639  0.57639  0.57639
COM: 150  60  60
orientation: 0.057639  0.57639  0.57639  0.57639
COM: 150  60  90
orientation: 0.057639  0.57639  0.57639  0.57639
COM: 150  60 120
orientation: 0.057639  0.57639  0.57639  0.57639
COM: 150  60 150
orientation: 0.057639  0.57639  0.57639  0.57639
COM: 150  60 180
orientation: 0.057639  0.57639  0.57639  0.57639
COM: 150  60 210
orientation: 0.057639  0.57639  0.57639  0.57639
COM: 150  60 240
orientation: 0.057639  0.57639  0.57639  0.57639
COM: 150  60 270
orientation: 0.057639  0.57639  0.57639  0.57639
COM: 150  90   0
orientation: 0.057639  0.57639  0.57639  0.57639
COM: 150  90  30
orientation: 0.057639  0.57639  0.57639  0.57639
COM: 150  90  60
orientation: 0.057639  0.57639  0.57639  0.57639
COM: 150  90  90
orientation: 0.057639  0.57639  0.57639  0.57639
COM: 150  90 120
orientation: 0.057639  0.57639  0.57639  0.57639
COM: 150  90 150
orientation: 0.057639  0.57639  0.57639  0.57639
COM: 150  90 180
orientation: 0.057639  0.57639  0.57639  0.57639
COM: 150  90 210
orientation: 0.057639  0.57639  0.57639  0.57639
COM: 150  90 240
orientation: 0.057639  0.57639  0.57639  0.57639
COM: 150  90 270
orientation: 0.057639  0.57639  0.57639  0.57639
COM: 150 120   0
orientation: 0.057639  0.57639  0.57639  0.57639
COM: 150 120  30
orientation: 0.057639  0.57639  0.57639  0.57639
COM: 150 120  60
orientation: 0.057639  0.57639  0.57639  0.57639
COM: 150 120  90
orientation: 0.057639  0.57639  0.57639  0.57639
COM: 150 120 120
orientation: 0.057639  0.57639  0.57639  0.57639
COM: 150 120 150
orientation: 0.057639  0.57639  0.57639  0.57639
COM: 150 120 180
orientation: 0.057639  0.57639  0.57639  0.57639
COM: 150 120 210
orientation: 0.057639  0.57639  0.57639  0.57639
COM: 150 120 240
orientation: 0.057639  0.57639  0.57639  0.57639
COM: 150 120 270
orientation: 0.057639  0.57639  0.57639  0.57639
COM: 150 150   0
orientation: 0.057639  0.57639  0.57639  0.57639
COM: 150 150  30
orientation: 0.057639  0.57639  0.57639  0.57639
COM: 150 150  60
orientation: 0.057639  0.57639  0.57639  0.57639
COM: 150 150  90
orientation: 0.057639  0.57639  0.57639  0.57639
COM: 150 150 120
orientation: 0.057639  0.57639  0.57639  0.57639
COM: 150 150 150
orientation: 0.057639  0.57639  0.57639  0.57639
COM: 150 150 180
orientation: 0.057639  0.57639  0.57639  0.57639
COM: 150 150 210
orientation: 0.057639  0.57639  0.57639  0.57639
COM: 150 150 240
orientation: 0.057639  0.57639  0.57639  0.57639
COM: 150 150 270
orientation: 0.057639  0.57639  0.57639  0.57639
COM: 150 180   0
orientation: 0.057639  0.57639  0.57639  0.57639
COM: 150 180  30
orientation: 0.057639  0.57639  0.57639  0.57639
COM: 150 180  60
orientation: 0.057639  0.57639  0.57639  0.57639
COM: 150 180  90
orientation: 0.057639  0.57639  0.57639  0.57639
COM: 150 180 120
orientation: 0.057639  0.57639  0.57639  0.57639
COM: 150 180 150
orientation: 0.057639  0.57639  0.57639  0.57639
COM: 150 180 180
orientation: 0.057639  0.57639  0.57639  0.57639
COM: 150 180 210
orientation: 0.057639  0.57639  0.57639  0.57639
COM: 150 180 240
orientation: 0.057639  0.57639  0.57639  0.57639
COM: 150 180 270
orientation: 0.057639  0.57639  0.57639  0.57639
COM: 150 210   0
orientation: 0.057639  0.57639  0.57639  0.57639
COM: 150 210  30
orientation: 0.057639  0.57639  0.57639  0.57639
COM: 150 210  60
orientation: 0.057639  0.57639  0.57639  0.57639
COM: 150 210  90
orientation: 0.057639  0.57639  0.57639  0.57639
COM: 150 210 120
orientation: 0.057639  0.57639  0.57639  0.57639
COM: 150 210 150
orientation: 0.057639  0.57639  0.57639  0.57639
COM: 150 210 180
orientation: 0.057639  0.57639  0.57639  0.57639
COM: 150 210 210
orientation: 0.057639  0.57639  0.57639  0.57639
COM: 150 210 240
orientation: 0.057639  0.57639  0.57639  0.57639
COM: 150 210 270
orientation: 0.057639  0.57639  0.57639  0.57639
COM: 150 240   0
orientation: 0.057639  0.57639  0.57639  0.57639
COM: 150 240  30
orientation: 0.057639  0.57639  0.57639  0.57639
COM: 150 240  60
orientation: 0.057639  0.57639  0.57639  0.57639
COM: 150 240  90
orientation: 0.057639  0.57639  0.57639  0.57639
COM: 150 240 120
orientation: 0.057639  0.57639  0.57639  0.57639
COM: 150 240 150
orientation: 0.057639  0.57639  0.57639  0.57639
COM: 150 240 180
orientation: 0.057639  0.57639  0.57639  0.57639
COM: 150 240 210
orientation: 0.057639  0.57639  0.57639  0.57639
COM: 150 240 240
orientation: 0.057639  0.57639  0.57639  0.57639
COM: 150 240 270
orientation: 0.057639  0.57639  0.57639  0.57639
COM: 150 270   0
orientation: 0.057639  0.57639  0.57639  0.57639
COM: 150 270  30
orientation: 0.057639  0.57639  0.57639  0.57639
COM: 150 270  60
orientation: 0.057639  0.57639  0.57639  0.57639
COM: 150 270  90
orientation: 0.057639  0.57639  0.57639  0.57639
COM: 150 270 120
orientation: 0.057639  0.57639  0.57639  0.57639
COM: 150 270 150
orientation: 0.057639  0.57639  0.57639  0.57639
COM: 150 270 180
orientation: 0.057639  0.57639  0.57639  0.57639
COM: 150 270 210
orientation: 0.057639  0.57639  0.57639  0.57639
COM: 150 270 240
orientation: 0.057639  0.57639  0.57639  0.57639
COM: 150 270 270
orientation: 0.057639  0.57639  0.57639  0.57639
COM: 180   0   0
orientation: 0.057639  0.57639  0.57639  0.57639
COM: 180   0  30
orientation: 0.057639  0.57639  0.57639  0.57639
COM: 180   0  60
orientation: 0.057639  0.57639  0.57639  0.57639
COM: 180   0  90
orientation: 0.057639  0.57639  0.57639  0.57639
COM: 180   0 120
orientation: 0.057639  0.57639  0.57639  0.57639
COM: 180   0 150
orientation: 0.057639  0.57639  0.57639  0.57639
COM: 180   0 180
orientation: 0.057639  0.57639  0.57639  0.57639
COM: 180   0 210
orientation: 0.057639  0.57639  0.57639  0.57639
COM: 180   0 240
orientation: 0.057639  0.57639  0.57639  0.57639
COM: 180   0 270
orientation: 0.057639  0.57639  0.57639  0.57639
COM: 180  30   0
orientation: 0.057639  0.57639  0.57639  0.57639
COM: 180  30  30
orientation: 0.057639  0.57639  0.57639  0.57639
COM: 180  30  60
orientation: 0.057639  0.57639  0.57639  0.57639
COM: 180  30  90
orientation: 0.057639  0.57639  0.57639  0.57639
COM: 180  30 120
orientation: 0.057639  0.57639  0.57639  0.57639
COM: 180  30 150
orientation: 0.057639  0.57639  0.57639  0.57639
COM: 180  30 180
orientation: 0.057639  0.57639  0.57639  0.57639
COM: 180  30 210
orientation: 0.057639  0.57639  0.57639  0.57639
COM: 180  30 240
orientation: 0.057639  0.57639  0.57639  0.57639
COM: 180  30 270
orientation: 0.057639  0.57639  0.57639  0.57639
COM: 180  60   0
orientation: 0.057639  0.57639  0.57639  0.57639
COM: 180  60  30
orientation: 0.057639  0.57639  0.57639  0.57639
COM: 180  60  60
orientation: 0.057639  0.57639  0.57639  0.57639
COM: 180  60  90
orientation: 0.057639  0.57639  0.57639  0.57639
COM: 180  60 120
orientation: 0.057639  0.57639  0.57639  0.57639
COM: 180  60 150
orientation: 0.057639  0.57639  0.57639  0.57639
COM: 180  60 180
orientation: 0.057639  0.57639  0.57639  0.57639
COM: 180  60 210
orientation: 0.057639  0.57639  0.57639  0.57639
COM: 180  60 240
orientation: 0.057639  0.57639  0.57639  0.57639
COM: 180  60 270
orientation: 0.057639  0.57639  0.57639  0.57639
COM: 180  90   0
orientation: 0.057639  0.57639  0.57639  0.57639
COM: 180  90  30
orientation: 0.057639  0.57639  0.57639  0.57639
COM: 180  90  60
orientation: 0.057639  0.57639  0.57639  0.57639
COM: 180  90  90
orientation: 0.057639  0.57639  0.57639  0.57639
COM: 180  90 120
orientation: 0.057639  0.57639  0.57639  0.57639
COM: 180  90 150
orientation: 0.057639  0.57639  0.57639  0.57639
COM: 180  90 180
orientation: 0.057639  0.57639  0.57639  0.57639
COM: 180  90 210
orientation: 0.057639  0.57639  0.57639  0.57639
COM: 180  90 240
orientation: 0.057639  0.57639  0.57639  0.57639
COM: 180  90 270
orientation: 0.057639  0.57639  0.57639  0.57639
COM: 180 120   0
orientation: 0.057639  0.57639  0.57639  0.57639
COM: 180 120  30
orientation: 0.057639  0.57639  0.57639  0.57639
COM: 180 120  60
orientation: 0.057639  0.57639  0.57639  0.57639
COM: 180 120  90
orientation: 0.057639  0.57639  0.57639  0.57639
COM: 180 120 120
orientation: 0.057639  0.57639  0.57639  0.57639
COM: 180 120 150
orientation: 0.057639  0.57639  0.57639  0.57639
COM: 180 120 180
orientation: 0.057639  0.57639  0.57639  0.57639
COM: 180 120 210
orientation: 0.057639  0.57639  0.57639  0.57639
COM: 180 120 240
orientation: 0.057639  0.57639  0.57639  0.57639
COM: 180 120 270
orientation: 0.057639  0.57639  0.57639  0.57639
COM: 180 150   0
orientation: 0.057639  0.57639  0.57639  0.57639
COM: 180 150  30
orientation: 0.057639  0.57639  0.57639  0.57639
COM: 180 150  60
orientation: 0.057639  0.57639  0.57639  0.57639
COM: 180 150  90
orientation: 0.057639  0.57639  0.57639  0.57639
COM: 180 150 120
orientation: 0.057639  0.57639  0.57639  0.57639
COM: 180 150 150
orientation: 0.057639  0.57639  0.57639  0.57639
COM: 180 150 180
orientation: 0.057639  0.57639  0.57639  0.57639
COM: 180 150 210
orientation: 0.057639  0.57639  0.57639  0.57639
COM: 180 150 240
orientation: 0.057639  0.57639  0.57639  0.57639
COM: 180 150 270
orientation: 0.057639  0.57639  0.57639  0.57639
COM: 180 180   0
orientation: 0.057639  0.57639  0.57639  0.57639
COM: 180 180  30
orientation: 0.057639  0.57639  0.57639  0.57639
COM: 180 180  60
orientation: 0.057639  0.57639  0.57639  0.57639
COM: 180 180  90
orientation: 0.057639  0.57639  0.57639  0.57639
COM: 180 180 120
orientation: 0.057639  0.57639  0.57639  0.57639
COM: 180 180 150
orientation: 0.057639  0.57639  0.57639  0.57639
COM: 180 180 180
orientation: 0.057639  0.57639  0.57639  0.57639
COM: 180 180 210
orientation: 0.057639  0.57639  0.57639  0.57639
COM: 180 180 240
orientation: 0.057639  0.57639  0.57639  0.57639
COM: 180 180 270
orientation: 0.057639  0.57639  0.57639  0.57639
COM: 180 210   0
orientation: 0.057639  0.57639  0.57639  0.57639
COM: 180 210  30
orientation: 0.057639  0.57639  0.57639  0.57639
COM: 180 210  60
orientation: 0.057639  0.57639  0.57639  0.57639
COM: 180 210  90
orientation: 0.057639  0.57639  0.57639  0.57639
COM: 180 210 120
orientation: 0.057639  0.57639  0.57639  0.57639
COM: 180 210 150
orientation: 0.057639  0.57639  0.57639  0.57639
COM: 180 210 180
orientation: 0.057639  0.57639  0.57639  0.57639
COM: 180 210 210
orientation: 0.057639  0.57639  0.57639  0.57639
COM: 180 210 240
orientation: 0.057639  0.57639  0.57639  0.57639
COM: 180 210 270
orientation: 0.057639  0.57639  0.57639  0.57639
COM: 180 240   0
orientation: 0.057639  0.57639  0.57639  0.57639
COM: 180 240  30
orientation: 0.057639  0.57639  0.57639  0.57639
COM: 180 240  60
orientation: 0.057639  0.57639  0.57639  0.57639
COM: 180 240  90
orientation: 0.057639  0.57639  0.57639  0.57639
COM: 180 240 120
orientation: 0.057639  0.57639  0.57639  0.57639
COM: 180 240 150
orientation: 0.057639  0.57639  0.57639  0.57639
COM: 180 240 180
orientation: 0.057639  0.57639  0.57639  0.57639
COM: 180 240 210
orientation: 0.057639  0.57639  0.57639  0.57639
COM: 180 240 240
orientation: 0.057639  0.57639  0.57639  0.57639
COM: 180 240 270
orientation: 0.057639  0.57639  0.57639  0.57639
COM: 180 270   0
orientation: 0.057639  0.57639  0.57639  0.57639
COM: 180 270  30
orientation: 0.057639  0.57639  0.57639  0.57639
COM: 180 270  60
orientation: 0.057639  0.57639  0.57639  0.57639
COM: 180 270  90
orientation: 0.057639  0.57639  0.57639  0.57639
COM: 180 270 120
orientation: 0.057639  0.57639  0.57639  0.57639
COM: 180 270 150
orientation: 0.057639  0.57639  0.57639  0.57639
COM: 180 270 180
orientation: 0.057639  0.57639  0.57639  0.57639
COM: 180 270 210
orientation: 0.057639  0.57639  0.57639  0.57639
COM: 180 270 240
orientation: 0.057639  0.57639  0.57639  0.57639
COM: 180 270 270
orientation: 0.057639  0.57639  0.57639  0.57639
COM: 210   0   0
orientation: 0.057639  0.57639  0.57639  0.57639
COM: 210   0  30
orientation: 0.057639  0.57639  0.57639  0.57639
COM: 210   0  60
orientation: 0.057639  0.57639  0.57639  0.57639
COM: 210   0  90
orientation: 0.057639  0.57639  0.57639  0.57639
COM: 210   0 120
orientation: 0.057639  0.57639  0.57639  0.57639
COM: 210   0 150
orientation: 0.057639  0.57639  0.57639  0.57639
COM: 210   0 180
orientation: 0.057639  0.57639  0.57639  0.57639
COM: 210   0 210
orientation: 0.057639  0.57639  0.57639  0.57639
COM: 210   0 240
orientation: 0.057639  0.57639  0.57639  0.57639
COM: 210   0 270
orientation: 0.057639  0.57639  0.57639  0.57639
COM: 210  30   0
orientation: 0.057639  0.57639  0.57639  0.57639
COM: 210  30  30
orientation: 0.057639  0.57639  0.57639  0.57639
COM: 210  30  60
orientation: 0.057639  0.57639  0.57639  0.57639
COM: 210  30  90
orientation: 0.057639  0.57639  0.57639  0.57639
COM: 210  30 120
orientation: 0.057639  0.57639  0.57639  0.57639
COM: 210  30 150
orientation: 0.057639  0.57639  0.57639  0.57639
COM: 210  30 180
orientation: 0.057639  0.57639  0.57639  0.57639
COM: 210  30 210
orientation: 0.057639  0.57639  0.57639  0.57639
COM: 210  30 240
orientation: 0.057639  0.57639  0.57639  0.57639
COM: 210  30 270
orientation: 0.057639  0.57639  0.57639  0.57639
COM: 210  60   0
orientation: 0.057639  0.57639  0.57639  0.57639
COM: 210  60  30
orientation: 0.057639  0.57639  0.57639  0.57639
COM: 210  60  60
orientation: 0.057639  0.57639  0.57639  0.57639
COM: 210  60  90
orientation: 0.057639  0.57639  0.57639  0.57639
COM: 210  60 120
orientation: 0.057639  0.57639  0.57639  0.57639
COM: 210  60 150
orientation: 0.057639  0.57639  0.57639  0.57639
COM: 210  60 180
orientation: 0.057639  0.57639  0.57639  0.57639
COM: 210  60 210
orientation: 0.057639  0.57639  0.57639  0.57639
COM: 210  60 240
orientation: 0.057639  0.57639  0.57639  0.57639
COM: 210  60 270
orientation: 0.057639  0.57639  0.57639  0.57639
COM: 210  90   0
orientation: 0.057639  0.57639  0.57639  0.57639
COM: 210  90  30
orientation: 0.057639  0.57639  0.57639  0.57639
COM: 210  90  60
orientation: 0.057639  0.57639  0.57639  0.57639
COM: 210  90  90
orientation: 0.057639  0.57639  0.57639  0.57639
COM: 210  90 120
orientation: 0.057639  0.57639  0.57639  0.57639
COM: 210  90 150
orientation: 0.057639  0.57639  0.57639  0.57639
COM: 210  90 180
orientation: 0.057639  0.57639  0.57639  0.57639
COM: 210  90 210
orientation: 0.057639  0.57639  0.57639  0.57639
COM: 210  90 240
orientation: 0.057639  0.57639  0.57639  0.57639
COM: 210  90 270
orientation: 0.057639  0.57639  0.57639  0.57639
COM: 210 120   0
orientation: 0.057639  0.57639  0.57639  0.57639
COM: 210 120  30
orientation: 0.057639  0.57639  0.57639  0.57639
COM: 210 120  60
orientation: 0.057639  0.57639  0.57639  0.57639
COM: 210 120  90
orientation: 0.057639  0.57639  0.57639  0.57639
COM: 210 120 120
orientation: 0.057639  0.57639  0.57639  0.57639
COM: 210 120 150
orientation: 0.057639  0.57639  0.57639  0.57639
COM: 210 120 180
orientation: 0.057639  0.57639  0.57639  0.57639
COM: 210 120 210
orientation: 0.057639  0.57639  0.57639  0.57639
COM: 210 120 240
orientation: 0.057639  0.57639  0.57639  0.57639
COM: 210 120 270
orientation: 0.057639  0.57639  0.57639  0.57639
COM: 210 150   0
orientation: 0.057639  0.57639  0.57639  0.57639
COM: 210 150  30
orientation: 0.057639  0.57639  0.57639  0.57639
COM: 210 150  60
orientation: 0.057639  0.57639  0.57639  0.57639
COM: 210 150  90
orientation: 0.057639  0.57639  0.57639  0.57639
COM: 210 150 120
orientation: 0.057639  0.57639  0.57639  0.57639
COM: 210 150 150
orientation: 0.057639  0.57639  0.57639  0.57639
COM: 210 150 180
orientation: 0.057639  0.57639  0.57639  0.57639
COM: 210 150 210
orientation: 0.057639  0.57639  0.57639  0.57639
COM: 210 150 240
orientation: 0.057639  0.57639  0.57639  0.57639
COM: 210 150 270
orientation: 0.057639  0.57639  0.57639  0.57639
COM: 210 180   0
orientation: 0.057639  0.57639  0.57639  0.57639
COM: 210 180  30
orientation: 0.057639  0.57639  0.57639  0.57639
COM: 210 180  60
orientation: 0.057639  0.57639  0.57639  0.57639
COM: 210 180  90
orientation: 0.057639  0.57639  0.57639  0.57639
COM: 210 180 120
orientation: 0.057639  0.57639  0.57639  0.57639
COM: 210 180 150
orientation: 0.057639  0.57639  0.57639  0.57639
COM: 210 180 180
orientation: 0.057639  0.57639  0.57639  0.57639
COM: 210 180 210
orientation: 0.057639  0.57639  0.57639  0.57639
COM: 210 180 240
orientation: 0.057639  0.57639  0.57639  0.57639
COM: 210 180 270
orientation: 0.057639  0.57639  0.57639  0.57639
COM: 210 210   0
orientation: 0.057639  0.57639  0.57639  0.57639
COM: 210 210  30
orientation: 0.057639  0.57639  0.57639  0.57639
COM: 210 210  60
orientation: 0.057639  0.57639  0.57639  0.57639
COM: 210 210  90
orientation: 0.057639  0.57639  0.57639  0.57639
COM: 210 210 120
orientation: 0.057639  0.57639  0.57639  0.57639
COM: 210 210 150
orientation: 0.057639  0.57639  0.57639  0.57639
COM: 210 210 180
orientation: 0.057639  0.57639  0.57639  0.57639
COM: 210 210 210
orientation: 0.057639  0.57639  0.57639  0.57639
COM: 210 210 240
orientation: 0.057639  0.57639  0.57639  0.57639
COM: 210 210 270
orientation: 0.057639  0.57639  0.57639  0.57639
COM: 210 240   0
orientation: 0.057639  0.57639  0.57639  0.57639
COM: 210 240  30
orientation: 0.057639  0.57639  0.57639  0.57639
COM: 210 240  60
orientation: 0.057639  0.57639  0.57639  0.57639
COM: 210 240  90
orientation: 0.057639  0.57639  0.57639  0.57639
COM: 210 240 120
orientation: 0.057639  0.57639  0.57639  0.57639
COM: 210 240 150
orientation: 0.057639  0.57639  0.57639  0.57639
COM: 210 240 180
orientation: 0.057639  0.57639  0.57639  0.57639
COM: 210 240 210
orientation: 0.057639  0.57639  0.57639  0.57639
COM: 210 240 240
orientation: 0.057639  0.57639  0.57639  0.57639
COM: 210 240 270
orientation: 0.057639  0.57639  0.57639  0.57639
COM: 210 270   0
orientation: 0.057639  0.57639  0.57639  0.57639
COM: 210 270  30
orientation: 0.057639  0.57639  0.57639  0.57639
COM: 210 270  60
orientation: 0.057639  0.57639  0.57639  0.57639
COM: 210 270  90
orientation: 0.057639  0.57639  0.57639  0.57639
COM: 210 270 120
orientation: 0.057639  0.57639  0.57639  0.57639
COM: 210 270 150
orientation: 0.057639  0.57639  0.57639  0.57639
COM: 210 270 180
orientation: 0.057639  0.57639  0.57639  0.57639
COM: 210 270 210
orientation: 0.057639  0.57639  0.57639  0.57639
COM: 210 270 240
orientation: 0.057639  0.57639  0.57639  0.57639
COM: 210 270 270
orientation: 0.057639  0.57639  0.57639  0.57639
COM: 240   0   0
orientation: 0.057639  0.57639  0.57639  0.57639
COM: 240   0  30
orientation: 0.057639  0.57639  0.57639  0.57639
COM: 240   0  60
orientation: 0.057639  0.57639  0.57639  0.57639
COM: 240   0  90
orientation: 0.057639  0.57639  0.57639  0.57639
COM: 240   0 120
orientation: 0.057639  0.57639  0.57639  0.57639
COM: 240   0 150
orientation: 0.057639  0.57639  0.57639  0.57639
COM: 240   0 180
orientation: 0.057639  0.57639  0.57639  0.57639
COM: 240   0 210
orientation: 0.057639  0.57639  0.57639  0.57639
COM: 240   0 240
orientation: 0.057639  0.57639  0.57639  0.57639
COM: 240   0 270
orientation: 0.057639  0.57639  0.57639  0.57639
COM: 240  30   0
orientation: 0.057639  0.57639  0.57639  0.57639
COM: 240  30  30
orientation: 0.057639  0.57639  0.57639  0.57639
COM: 240  30  60
orientation: 0.057639  0.57639  0.57639  0.57639
COM: 240  30  90
orientation: 0.057639  0.57639  0.57639  0.57639
COM: 240  30 120
orientation: 0.057639  0.57639  0.57639  0.57639
COM: 240  30 150
orientation: 0.057639  0.57639  0.57639  0.57639
COM: 240  30 180
orientation: 0.057639  0.57639  0.57639  0.57639
COM: 240  30 210
orientation: 0.057639  0.57639  0.57639  0.57639
COM: 240  30 240
orientation: 0.057639  0.57639  0.57639  0.57639
COM: 240  30 270
orientation: 0.057639  0.57639  0.57639  0.57639
COM: 240  60   0
orientation: 0.057639  0.57639  0.57639  0.57639
COM: 240  60  30
orientation: 0.057639  0.57639  0.57639  0.57639
COM: 240  60  60
orientation: 0.057639  0.57639  0.57639  0.57639
COM: 240  60  90
orientation: 0.057639  0.57639  0.57639  0.57639
COM: 240  60 120
orientation: 0.057639  0.57639  0.57639  0.57639
COM: 240  60 150
orientation: 0.057639  0.57639  0.57639  0.57639
COM: 240  60 180
orientation: 0.057639  0.57639  0.57639  0.57639
COM: 240  60 210
orientation: 0.057639  0.57639  0.57639  0.57639
COM: 240  60 240
orientation: 0.057639  0.57639  0.57639  0.57639
COM: 240  60 270
orientation: 0.057639  0.57639  0.57639  0.57639
COM: 240  90   0
orientation: 0.057639  0.57639  0.57639  0.57639
COM: 240  90  30
orientation: 0.057639  0.57639  0.57639  0.57639
COM: 240  90  60
orientation: 0.057639  0.57639  0.57639  0.57639
COM: 240  90  90
orientation: 0.057639  0.57639  0.57639  0.57639
COM: 240  90 120
orientation: 0.057639  0.57639  0.57639  0.57639
COM: 240  90 150
orientation: 0.057639  0.57639  0.57639  0.57639
COM: 240  90 180
orientation: 0.057639  0.57639  0.57639  0.57639
COM: 240  90 210
orientation: 0.057639  0.57639  0.57639  0.57639
COM: 240  90 240
orientation: 0.057639  0.57639  0.57639  0.57639
COM: 240  90 270
orientation: 0.057639  0.57639  0.57639  0.57639
COM: 240 120   0
orientation: 0.057639  0.57639  0.57639  0.57639
COM: 240 120  30
orientation: 0.057639  0.57639  0.57639  0.57639
COM: 240 120  60
orientation: 0.057639  0.57639  0.57639  0.57639
COM: 240 120  90
orientation: 0.057639  0.57639  0.57639  0.57639
COM: 240 120 120
orientation: 0.057639  0.57639  0.57639  0.57639
COM: 240 120 150
orientation: 0.057639  0.57639  0.57639  0.57639
COM: 240 120 180
orientation: 0.057639  0.57639  0.57639  0.57639
COM: 240 120 210
orientation: 0.057639  0.57639  0.57639  0.57639
COM: 240 120 240
orientation: 0.057639  0.57639  0.57639  0.57639
COM: 240 120 270
orientation: 0.057639  0.57639  0.57639  0.57639
COM: 240 150   0
orientation: 0.057639  0.57639  0.57639  0.57639
COM: 240 150  30
orientation: 0.057639  0.57639  0.57639  0.57639
COM: 240 150  60
orientation: 0.057639  0.57639  0.57639  0.57639
COM: 240 150  90
orientation: 0.057639  0.57639  0.57639  0.57639
COM: 240 150 120
orientation: 0.057639  0.57639  0.57639  0.57639
COM: 240 150 150
orientation: 0.057639  0.57639  0.57639  0.57639
COM: 240 150 180
orientation: 0.057639  0.57639  0.57639  0.57639
COM: 240 150 210
orientation: 0.057639  0.57639  0.57639  0.57639
COM: 240 150 240
orientation: 0.057639  0.57639  0.57639  0.57639
COM: 240 150 270
orientation: 0.057639  0.57639  0.57639  0.57639
COM: 240 180   0
orientation: 0.057639  0.57639  0.57639  0.57639
COM: 240 180  30
orientation: 0.057639  0.57639  0.57639  0.57639
COM: 240 180  60
orientation: 0.057639  0.57639  0.57639  0.57639
COM: 240 180  90
orientation: 0.057639  0.57639  0.57639  0.57639
COM: 240 180 120
orientation: 0.057639  0.57639  0.57639  0.57639
COM: 240 180 150
orientation: 0.057639  0.57639  0.57639  0.57639
COM: 240 180 180
orientation: 0.057639  0.57639  0.57639  0.57639
COM: 240 180 210
orientation: 0.057639  0.57639  0.57639  0.57639
COM: 240 180 240
orientation: 0.057639  0.57639  0.57639  0.57639
COM: 240 180 270
orientation: 0.057639  0.57639  0.57639  0.57639
COM: 240 210   0
orientation: 0.057639  0.57639  0.57639  0.57639
COM: 240 210  30
orientation: 0.057639  0.57639  0.57639  0.57639
COM: 240 210  60
orientation: 0.057639  0.57639  0.57639  0.57639
COM: 240 210  90
orientation: 0.057639  0.57639  0.57639  0.57639
COM: 240 210 120
orientation: 0.057639  0.57639  0.57639  0.57639
COM: 240 210 150
orientation: 0.057639  0.57639  0.57639  0.57639
COM: 240 210 180
orientation: 0.057639  0.57639  0.57639  0.57639
COM: 240 210 210
orientation: 0.057639  0.57639  0.57639  0.57639
COM: 240 210 240
orientation: 0.057639  0.57639  0.57639  0.57639
COM: 240 210 270
orientation: 0.057639  0.57639  0.57639  0.57639
COM: 240 240   0
orientation: 0.057639  0.57639  0.57639  0.57639
COM: 240 240  30
orientation: 0.057639  0.57639  0.57639  0.57639
COM: 240 240  60
orientation: 0.057639  0.57639  0.57639  0.57639
COM: 240 240  90
orientation: 0.057639  0.57639  0.57639  0.57639
COM: 240 240 120
orientation: 0.057639  0.57639  0.57639  0.57639
COM: 240 240 150
orientation: 0.057639  0.57639  0.57639  0.57639
COM: 240 240 180
orientation: 0.057639  0.57639  0.57639  0.57639
COM: 240 240 210
orientation: 0.057639  0.57639  0.57639  0.57639
COM: 240 240 240
orientation: 0.057639  0.57639  0.57639  0.57639
COM: 240 240 270
orientation: 0.057639  0.57639  0.57639  0.57639
COM: 240 270   0
orientation: 0.057639  0.57639  0.57639  0.57639
COM: 240 270  30
orientation: 0.057639  0.57639  0.57639  0.57639
COM: 240 270  60
orientation: 0.057639  0.57639  0.57639  0.57639
COM: 240 270  90
orientation: 0.057639  0.57639  0.57639  0.57639
COM: 240 270 120
orientation: 0.057639  0.57639  0.57639  0.57639
COM: 240 270 150
orientation: 0.057639  0.57639  0.57639  0.57639
COM: 240 270 180
orientation: 0.057639  0.57639  0.57639  0.57639
COM: 240 270 210
orientation: 0.057639  0.57639  0.57639  0.57639
COM: 240 270 240
orientation: 0.057639  0.57639  0.57639  0.57639
COM: 240 270 270
orientation: 0.057639  0.57639  0.57639  0.57639
COM: 270   0   0
orientation: 0.057639  0.57639  0.57639  0.57639
COM: 270   0  30
orientation: 0.057639  0.57639  0.57639  0.57639
COM: 270   0  60
orientation: 0.057639  0.57639  0.57639  0.57639
COM: 270   0  90
orientation: 0.057639  0.57639  0.57639  0.57639
COM: 270   0 120
orientation: 0.057639  0.57639  0.57639  0.57639
COM: 270   0 150
orientation: 0.057639  0.57639  0.57639  0.57639
COM: 270   0 180
orientation: 0.057639  0.57639  0.57639  0.57639
COM: 270   0 210
orientation: 0.057639  0.57639  0.57639  0.57639
COM: 270   0 240
orientation: 0.057639  0.57639  0.57639  0.57639
COM: 270   0 270
orientation: 0.057639  0.57639  0.57639  0.57639
COM: 270  30   0
orientation: 0.057639  0.57639  0.57639  0.57639
COM: 270  30  30
orientation: 0.057639  0.57639  0.57639  0.57639
COM: 270  30  60
orientation: 0.057639  0.57639  0.57639  0.57639
COM: 270  30  90
orientation: 0.057639  0.57639  0.57639  0.57639
COM: 270  30 120
orientation: 0.057639  0.57639  0.57639  0.57639
COM: 270  30 150
orientation: 0.057639  0.57639  0.57639  0.57639
COM: 270  30 180
orientation: 0.057639  0.57639  0.57639  0.57639
COM: 270  30 210
orientation: 0.057639  0.57639  0.57639  0.57639
COM: 270  30 240
orientation: 0.057639  0.57639  0.57639  0.57639
COM: 270  30 270
orientation: 0.057639  0.57639  0.57639  0.57639
COM: 270  60   0
orientation: 0.057639  0.57639  0.57639  0.57639
COM: 270  60  30
orientation: 0.057639  0.57639  0.57639  0.57639
COM: 270  60  60
orientation: 0.057639  0.57639  0.57639  0.57639
COM: 270  60  90
orientation: 0.057639  0.57639  0.57639  0.57639
COM: 270  60 120
orientation: 0.057639  0.57639  0.57639  0.57639
COM: 270  60 150
orientation: 0.057639  0.57639  0.57639  0.57639
COM: 270  60 180
orientation: 0.057639  0.57639  0.57639  0.57639
COM: 270  60 210
orientation: 0.057639  0.57639  0.57639  0.57639
COM: 270  60 240
orientation: 0.057639  0.57639  0.57639  0.57639
COM: 270  60 270
orientation: 0.057639  0.57639  0.57639  0.57639
COM: 270  90   0
orientation: 0.057639  0.57639  0.57639  0.57639
COM: 270  90  30
orientation: 0.057639  0.57639  0.57639  0.57639
COM: 270  90  60
orientation: 0.057639  0.57639  0.57639  0.57639
COM: 270  90  90
orientation: 0.057639  0.57639  0.57639  0.57639
COM: 270  90 120
orientation: 0.057639  0.57639  0.57639  0.57639
COM: 270  90 150
orientation: 0.057639  0.57639  0.57639  0.57639
COM: 270  90 180
orientation: 0.057639  0.57639  0.57639  0.57639
COM: 270  90 210
orientation: 0.057639  0.57639  0.57639  0.57639
COM: 270  90 240
orientation: 0.057639  0.57639  0.57639  0.57639
COM: 270  90 270
orientation: 0.057639  0.57639  0.57639  0.57639
COM: 270 120   0
orientation: 0.057639  0.57639  0.57639  0.57639
COM: 270 120  30
orientation: 0.057639  0.57639  0.57639  0.57639
COM: 270 120  60
orientation: 0.057639  0.57639  0.57639  0.57639
COM: 270 120  90
orientation: 0.057639  0.57639  0.57639  0.57639
COM: 270 120 120
orientation: 0.057639  0.57639  0.57639  0.57639
COM: 270 120 150
orientation: 0.057639  0.57639  0.57639  0.57639
COM: 270 120 180
orientation: 0.057639  0.57639  0.57639  0.57639
COM: 270 120 210
orientation: 0.057639  0.57639  0.57639  0.57639
COM: 270 120 240
orientation: 0.057639  0.57639  0.57639  0.57639
COM: 270 120 270
orientation: 0.057639  0.57639  0.57639  0.57639
COM: 270 150   0
orientation: 0.057639  0.57639  0.57639  0.57639
COM: 270 150  30
orientation: 0.057639  0.57639  0.57639  0.57639
COM: 270 150  60
orientation: 0.057639  0.57639  0.57639  0.57639
COM: 270 150  90
orientation: 0.057639  0.57639  0.57639  0.57639
COM: 270 150 120
orientation: 0.057639  0.57639  0.57639  0.57639
COM: 270 150 150
orientation: 0.057639  0.57639  0.57639  0.57639
COM: 270 150 180
orientation: 0.057639  0.57639  0.57639  0.57639
COM: 270 150 210
orientation: 0.057639  0.57639  0.57639  0.57639
COM: 270 150 240
orientation: 0.057639  0.57639  0.57639  0.57639
COM: 270 150 270
orientation: 0.057639  0.57639  0.57639  0.57639
COM: 270 180   0
orientation: 0.057639  0.57639  0.57639  0.57639
COM: 270 180  30
orientation: 0.057639  0.57639  0.57639  0.57639
COM: 270 180  60
orientation: 0.057639  0.57639  0.57639  0.57639
COM: 270 180  90
orientation: 0.057639  0.57639  0.57639  0.57639
COM: 270 180 120
orientation: 0.057639  0.57639  0.57639  0.57639
COM: 270 180 150
orientation: 0.057639  0.57639  0.57639  0.57639
COM: 270 180 180
orientation: 0.057639  0.57639  0.57639  0.57639
COM: 270 180 210
orientation: 0.057639  0.57639  0.57639  0.57639
COM: 270 180 240
orientation: 0.057639  0.57639  0.57639  0.57639
COM: 270 180 270
orientation: 0.057639  0.57639  0.57639  0.57639
COM: 270 210   0
orientation: 0.057639  0.57639  0.57639  0.57639
COM: 270 210  30
orientation: 0.057639  0.57639  0.57639  0.57639
COM: 270 210  60
orientation: 0.057639  0.57639  0.57639  0.57639
COM: 270 210  90
orientation: 0.057639  0.57639  0.57639  0.57639
COM: 270 210 120
orientation: 0.057639  0.57639  0.57639  0.57639
COM: 270 210 150
orientation: 0.057639  0.57639  0.57639  0.57639
COM: 270 210 180
orientation: 0.057639  0.57639  0.57639  0.57639
COM: 270 210 210
orientation: 0.057639  0.57639  0.57639  0.57639
COM: 270 210 240
orientation: 0.057639  0.57639  0.57639  0.57639
COM: 270 210 270
orientation: 0.057639  0.57639  0.57639  0.57639
COM: 270 240   0
orientation: 0.057639  0.57639  0.57639  0.57639
COM: 270 240  30
orientation: 0.057639  0.57639  0.57639  0.57639
COM: 270 240  60
orientation: 0.057639  0.57639  0.57639  0.57639
COM: 270 240  90
orientation: 0.057639  0.57639  0.57639  0.57639
COM: 270 240 120
orientation: 0.057639  0.57639  0.57639  0.57639
COM: 270 240 150
orientation: 0.057639  0.57639  0.57639  0.57639
COM: 270 240 180
orientation: 0.057639  0.57639  0.57639  0.57639
COM: 270 240 210
orientation: 0.057639  0.57639  0.57639  0.57639
COM: 270 240 240
orientation: 0.057639  0.57639  0.57639  0.57639
COM: 270 240 270
orientation: 0.057639  0.57639  0.57639  0.57639
COM: 270 270   0
orientation: 0.057639  0.57639  0.57639  0.57639
COM: 270 270  30
orientation: 0.057639  0.57639  0.57639  0.57639
COM: 270 270  60
orientation: 0.057639  0.57639  0.57639  0.57639
COM: 270 270  90
orientation: 0.057639  0.57639  0.57639  0.57639
COM: 270 270 120
orientation: 0.057639  0.57639  0.57639  0.57639
COM: 270 270 150
orientation: 0.057639  0.57639  0.57639  0.57639
COM: 270 270 180
orientation: 0.057639  0.57639  0.57639  0.57639
COM: 270 270 210
orientation: 0.057639  0.57639  0.57639  0.57639
COM: 270 270 240
orientation: 0.057639  0.57639  0.57639  0.57639
COM: 270 270 270
orientation: 0.057639  0.57639  0.57639  0.57639
[polyscope] Backend: openGL3_glfw -- Loaded openGL version: 4.6 (Core Profile) Mesa 24.3.4
FPS: 18.7451
FPS: 14.7629
FPS: 17.1353
FPS: 15.5734
FPS: 18.0078
FPS: 19.6285
FPS: 19.1939
FPS: 20.1314
FPS: 19.5896
FPS: 20.2143
FPS: 18.3378
FPS: 11.5746
FPS: 16.3736
FPS: 18.8919
FPS: 18.8557
FPS: 19.8673
FPS: 19.7549
FPS: 20.2773
FPS: 19.8892
FPS: 20.2356
FPS: 19.6962
FPS: 19.7201
FPS: 20.3129
FPS: 20.0074
FPS: 20.4277
FPS: 19.6973
FPS: 19.987
FPS: 19.5216
FPS: 19.3277
FPS: 20.0397
FPS: 16.7054
FPS: 15.2931
FPS: 17.4378
FPS: 20.5524
FPS: 18.015
FPS: 19.8003
FPS: 19.6014
FPS: 18.6531
FPS: 19.8554
FPS: 19.95
FPS: 20.1035
FPS: 19.8369
FPS: 19.3806
FPS: 20.253
FPS: 19.2659
FPS: 19.6236
FPS: 18.0857
FPS: 18.3502
FPS: 20.1882
FPS: 19.419
FPS: 19.6511
FPS: 20.1089
FPS: 19.5944
FPS: 20.1559
FPS: 19.7978
FPS: 20.2605
FPS: 19.4877
FPS: 19.8221
FPS: 20.1384
FPS: 19.6393
FPS: 20.211
FPS: 19.9254
FPS: 20.0835
FPS: 19.7257
FPS: 19.633
FPS: 20.4016
FPS: 19.6367
FPS: 20.138
FPS: 19.8188
FPS: 20.0298
FPS: 19.7638
FPS: 19.645
FPS: 20.1602
FPS: 19.7404
FPS: 19.8509
FPS: 19.5976
FPS: 19.7109
FPS: 19.5986
FPS: 19.7331
FPS: 19.468
FPS: 19.9168
FPS: 19.4984
FPS: 20.0578
FPS: 19.2046
FPS: 20.0283
FPS: 19.2731
FPS: 19.654
FPS: 19.4805
FPS: 19.7593
FPS: 19.5102
FPS: 19.8287
FPS: 19.671
FPS: 19.9638
FPS: 19.0902
FPS: 20.4277
FPS: 19.602
FPS: 19.9615
FPS: 18.846
FPS: 19.5517
FPS: 19.1212
FPS: 17.4613
FPS: 16.1269
FPS: 19.703
FPS: 19.9942
FPS: 19.3929
FPS: 19.6785
FPS: 16.1454
FPS: 15.9549
FPS: 17.0639
FPS: 19.3597
FPS: 15.6843
FPS: 20.0536
FPS: 20.0709
FPS: 20.7294
FPS: 19.9782
FPS: 19.8571
FPS: 19.4538
FPS: 19.8396
FPS: 19.0842
FPS: 19.5636
FPS: 16.8613
FPS: 16.9972
FPS: 17.0463
FPS: 17.4627
FPS: 17.1662
FPS: 20.418
FPS: 19.7714
FPS: 19.8913
FPS: 20.1686
FPS: 19.5885
FPS: 20.4576
FPS: 19.7702
FPS: 20.434
FPS: 19.5722
FPS: 20.1206
FPS: 19.5178
FPS: 20.014
FPS: 19.3262
FPS: 19.7653
FPS: 19.4078
FPS: 20.2417
FPS: 19.0248
FPS: 18.8251
FPS: 14.6307
FPS: 18.5261
FPS: 20.3905
FPS: 19.423
FPS: 19.6446
FPS: 15.7715
FPS: 15.758
FPS: 17.597
FPS: 20.1877
FPS: 18.6314
FPS: 19.8649
FPS: 19.2167
FPS: 20.0046
FPS: 19.4299
FPS: 20.1531
FPS: 16.1003
FPS: 16.1547
FPS: 16.4568
FPS: 16.2458
FPS: 18.0936
FPS: 19.886
FPS: 16.2376
FPS: 16.8324
FPS: 19.8229
FPS: 19.7316
FPS: 20.012
FPS: 19.4614
FPS: 19.7366
FPS: 19.5489
FPS: 19.6552
FPS: 19.6062
FPS: 19.7858
FPS: 19.3313
FPS: 20.0096
FPS: 19.5222
FPS: 19.973
FPS: 19.2002
FPS: 19.3417
FPS: 19.0771
FPS: 19.8916
FPS: 15.6537
FPS: 19.3909
FPS: 18.5258
FPS: 19.2272
FPS: 20.2217
FPS: 18.959
FPS: 19.5681
FPS: 18.7415
FPS: 15.3398
FPS: 19.9439
FPS: 20.4864
FPS: 20.0399
FPS: 20.1335
FPS: 19.5869
FPS: 19.8507
FPS: 19.0239
FPS: 20.0494
FPS: 19.8478
FPS: 20.2429
FPS: 19.756
FPS: 19.9356
FPS: 19.6151
FPS: 19.9856
FPS: 19.2641
FPS: 19.6123
FPS: 19.416
FPS: 19.9951
FPS: 19.4532
FPS: 19.8862
FPS: 19.0076
FPS: 20.0969
FPS: 19.1504
FPS: 19.2789
FPS: 19.631
FPS: 19.7377
FPS: 19.5024
FPS: 19.7828
FPS: 19.7717
FPS: 19.9155
FPS: 19.6045
FPS: 19.6885
FPS: 19.2428
FPS: 19.7132
FPS: 19.1035
FPS: 19.5935
FPS: 19.0055
FPS: 19.5927
FPS: 19.0711
FPS: 18.8922
FPS: 19.0769
FPS: 19.13
FPS: 19.5069
FPS: 18.9752
FPS: 19.3359
FPS: 18.8988
FPS: 18.99
FPS: 18.7837
FPS: 17.959
FPS: 18.1081
FPS: 19.6846
FPS: 19.274
FPS: 19.5013
FPS: 18.8048
FPS: 19.0838
FPS: 19.6422
FPS: 19.3524
FPS: 19.3929
FPS: 19.3812
FPS: 19.8073
FPS: 19.3151
FPS: 19.6029
FPS: 19.0465
FPS: 19.8141
FPS: 19.6566
FPS: 20.0577
FPS: 19.1361
FPS: 19.4779
FPS: 19.4765
FPS: 20.0076
FPS: 19.4508
FPS: 19.9276
FPS: 19.1696
FPS: 19.6956
FPS: 19.1811
FPS: 19.6519
FPS: 18.6754
FPS: 19.4131
FPS: 18.8237
FPS: 19.2859
FPS: 19.2769
FPS: 19.5291
FPS: 19.1453
FPS: 19.6727
FPS: 19.0688
FPS: 18.9569
FPS: 19.0656
FPS: 18.8124
FPS: 19.3413
FPS: 19.5206
FPS: 18.8874
FPS: 19.37
FPS: 19.0694
FPS: 18.8666
FPS: 18.9157
FPS: 17.8853
FPS: 19.9837
FPS: 19.0228
FPS: 19.6119
FPS: 19.2539
FPS: 19.3893
FPS: 19.6409
FPS: 19.7084
FPS: 19.3964
FPS: 19.6955
FPS: 19.1509
FPS: 19.4618
FPS: 19.435
FPS: 19.4266
FPS: 19.4685
FPS: 19.9577
FPS: 19.5875
FPS: 19.5168
FPS: 19.1511
FPS: 19.2879
FPS: 19.4404
FPS: 19.048
FPS: 19.2985
FPS: 19.438
FPS: 19.4235
FPS: 19.0522
FPS: 19.4049
FPS: 19.8322
FPS: 18.9076
FPS: 19.7279
FPS: 19.3174
FPS: 19.5044
FPS: 19.3615
FPS: 13.9018
FPS: 18.056
FPS: 19.3411
FPS: 19.4473
FPS: 19.057
FPS: 18.7324
FPS: 19.241
FPS: 19.42
FPS: 19.3637
FPS: 19.4876
FPS: 19.2765
FPS: 19.334
FPS: 19.1169
FPS: 19.6552
FPS: 18.8712
FPS: 19.6662
FPS: 18.7135
FPS: 18.014
FPS: 19.74
FPS: 19.4763
FPS: 19.3803
FPS: 19.2389
FPS: 19.531
FPS: 19.0079
FPS: 19.1066
FPS: 18.8931
FPS: 19.0965
FPS: 19.5744
FPS: 18.8857
FPS: 18.9724
FPS: 19.0827
FPS: 18.9924
FPS: 19.3923
FPS: 19.2456
FPS: 20.0311
FPS: 17.9047
FPS: 19.3245
FPS: 19.8233
FPS: 19.2779
FPS: 19.8365
FPS: 19.249
FPS: 19.2424
FPS: 16.0387
FPS: 18.2575
FPS: 19.3164
FPS: 19.2178
FPS: 19.7297
FPS: 19.2366
FPS: 19.7955
FPS: 18.9648
FPS: 19.5927
FPS: 19.2471
FPS: 18.127
FPS: 19.5861
FPS: 19.377
FPS: 19.8517
FPS: 18.7932
FPS: 19.8047
FPS: 18.952
FPS: 19.6162
FPS: 14.2049
FPS: 17.7981
FPS: 19.5596
FPS: 18.7708
FPS: 19.2211
FPS: 19.0658
FPS: 19.6335
FPS: 15.9917
FPS: 17.8278
FPS: 15.9689
FPS: 17.9283
FPS: 19.4029
FPS: 16.3619
FPS: 15.8058
FPS: 17.3838
FPS: 18.9896
FPS: 16.1037
FPS: 15.9303
FPS: 17.7078
FPS: 19.7361
FPS: 18.6458
FPS: 19.871
FPS: 19.4289
FPS: 19.7393
FPS: 19.1765
FPS: 19.4537
FPS: 18.8205
FPS: 19.6302
FPS: 18.1341
FPS: 18.501
FPS: 19.6251
FPS: 18.7173
FPS: 18.8815
FPS: 19.3777
FPS: 19.6172
FPS: 19.0919
FPS: 19.4457
FPS: 18.9627
FPS: 19.6978
FPS: 19.1223
FPS: 19.2428
FPS: 19.3228
FPS: 19.7398
FPS: 19.3379
FPS: 19.64
FPS: 19.3463
FPS: 19.7978
FPS: 19.1887
FPS: 19.879
FPS: 19.141
FPS: 19.8212
FPS: 18.5595
FPS: 19.4416
FPS: 18.8026
FPS: 19.4652
FPS: 19.0822
FPS: 19.6387
FPS: 19.1627
FPS: 19.4505
FPS: 19.0678
FPS: 19.9547
FPS: 19.3339
FPS: 19.5782
FPS: 19.2154
FPS: 19.5879
FPS: 19.2359
FPS: 19.8073
FPS: 19.2519
FPS: 19.6263
FPS: 19.1519
FPS: 19.6176
FPS: 19.0948
FPS: 19.6406
FPS: 19.25
FPS: 19.5919
FPS: 19.1312
FPS: 19.7207
FPS: 19.1441
FPS: 19.4967
FPS: 19.0722
FPS: 19.5216
FPS: 19.2722
FPS: 19.4764
FPS: 19.2823
FPS: 19.4075
FPS: 19.3265
FPS: 19.7601
FPS: 19.166
FPS: 19.5533
FPS: 19.3172
FPS: 19.9357
FPS: 18.9703
FPS: 19.4956
FPS: 19.3135
FPS: 20.1205
FPS: 19.023
FPS: 19.6731
FPS: 19.2171
FPS: 19.7287
FPS: 18.9526
FPS: 19.6655
FPS: 18.8181
FPS: 18.3549
FPS: 19.5616
FPS: 18.8707
FPS: 18.0433
FPS: 17.7991
FPS: 18.6791
FPS: 18.8747
FPS: 19.4202
FPS: 19.1502
FPS: 19.9436
FPS: 19.4603
FPS: 20.0036
FPS: 18.8363
FPS: 19.8959
FPS: 19.2983
FPS: 20.1474
FPS: 19.0115
FPS: 19.9655
FPS: 18.8476
FPS: 20.0473
FPS: 18.7156
FPS: 19.8946
FPS: 19.2659
FPS: 19.7839
FPS: 19.3906
FPS: 20.2464
FPS: 18.4805
FPS: 19.3819
FPS: 18.9347
FPS: 19.2539
FPS: 19.1534
FPS: 19.2145
FPS: 19.204
FPS: 19.1074
FPS: 18.6374
FPS: 19.5905
FPS: 18.9695
FPS: 19.7164
FPS: 18.532
FPS: 19.6112
FPS: 19.0621
FPS: 19.7478
FPS: 19.0054
FPS: 19.5484
FPS: 18.7071
FPS: 19.9492
FPS: 18.6636
FPS: 19.6454
FPS: 19.285
FPS: 19.2523
FPS: 19.2525
FPS: 19.9573
FPS: 18.2719
FPS: 17.1985
FPS: 17.7455
FPS: 18.5145
FPS: 19.3826
FPS: 19.2662
FPS: 20.1744
FPS: 19.5645
FPS: 20.0265
